24.75 25.25 24.50 24.25 24.50 25.75 28.00 29.75 25.00 24.75 24.75 25.00 25.00 28.25 30.00 29.50 24.25 24.75 27.00 29.50 27.50 30.00 30.50 30.00 24.25 25.50 30.50 32.25 32.50 32.75 30.25 29.75 24.25 24.50 26.00 28.25 26.50 27.25 29.75 29.25 24.50 24.75 24.00 24.50 25.00 25.00 29.25 29.00 23.75 24.75 24.50 24.50 23.75 24.25 26.00 29.25 24.50 25.00 24.00 25.00 24.25 24.50 25.25 28.25 
25.00 24.50 24.00 24.25 24.50 26.00 27.75 29.50 24.75 24.50 24.25 24.75 24.75 28.50 29.75 29.50 24.25 24.75 27.25 29.50 28.00 30.50 30.50 30.00 24.50 25.00 30.00 32.25 32.25 32.50 30.25 29.00 24.25 25.00 25.50 27.50 26.25 26.50 29.75 29.25 24.25 24.50 24.00 24.00 24.50 24.75 28.50 28.75 24.25 24.25 24.25 24.50 24.00 24.50 26.25 28.50 24.00 24.25 24.25 24.50 24.75 24.75 24.50 28.00 
24.50 25.00 24.25 24.00 25.25 25.75 27.25 29.50 24.75 24.50 25.00 25.00 25.25 28.50 30.50 29.75 24.50 25.00 27.00 30.00 28.25 29.50 30.50 30.25 25.00 25.50 30.50 32.00 33.00 32.50 30.75 29.25 24.50 24.50 26.00 27.75 26.75 27.25 29.50 29.50 24.50 24.50 24.00 24.25 25.00 25.00 28.75 29.50 25.00 24.25 24.00 24.50 24.00 24.75 25.75 28.50 24.75 24.50 24.50 24.50 24.00 24.25 24.50 28.00 
25.00 24.50 24.75 23.75 25.00 26.00 28.25 29.75 25.00 25.25 24.25 24.75 25.00 28.50 30.25 30.00 24.75 25.00 27.75 30.00 28.25 30.00 30.25 29.75 24.25 25.25 30.00 32.25 32.75 32.75 30.25 30.00 24.75 24.75 26.00 27.75 26.50 27.00 29.50 29.25 24.50 24.50 24.25 24.25 24.50 25.00 29.00 29.25 25.00 24.25 24.50 24.75 24.00 24.25 26.25 28.75 24.25 24.00 24.50 24.75 24.50 24.00 24.75 27.50 
25.00 25.00 25.00 24.00 25.25 26.25 28.00 29.75 24.75 25.00 24.75 24.75 25.50 28.25 30.50 29.75 24.50 25.25 27.25 30.00 28.00 30.50 30.50 30.25 24.25 25.50 30.75 32.25 32.75 32.50 30.50 30.00 24.75 24.50 26.25 27.75 26.25 27.00 29.50 29.25 24.75 24.50 24.25 24.75 24.75 24.75 29.25 28.75 24.75 24.50 24.25 24.25 24.00 24.50 26.00 28.75 24.50 25.00 24.50 24.75 24.25 23.75 24.75 28.25 
24.75 24.75 24.50 24.00 24.50 25.75 27.25 29.50 24.75 24.75 24.50 25.00 24.75 28.50 30.00 29.75 24.50 25.25 26.75 29.00 27.50 29.75 30.25 29.50 24.75 25.50 30.50 32.50 32.50 32.50 30.25 29.50 24.50 24.25 26.00 28.25 26.75 27.25 29.75 29.50 25.00 24.75 24.25 24.25 24.75 24.75 29.00 29.25 24.25 25.00 23.75 24.25 24.00 24.50 25.75 29.00 24.25 24.50 24.25 24.25 24.75 24.00 24.50 26.75 
24.50 24.50 24.50 24.25 24.75 25.75 27.50 29.50 24.50 24.25 24.50 24.75 25.00 27.75 30.50 29.25 24.25 24.75 26.25 29.50 29.00 29.75 30.50 30.00 24.00 24.75 29.25 32.00 32.25 32.50 30.50 29.00 24.00 24.25 25.25 26.75 25.75 26.00 29.25 29.25 24.25 24.25 24.00 23.75 24.25 24.50 28.00 29.25 24.00 23.75 23.75 24.25 23.50 23.75 24.75 27.75 23.75 24.50 24.00 24.25 24.00 24.50 25.25 27.50 
25.00 25.00 24.75 24.75 25.00 28.25 29.75 30.50 24.25 25.25 26.00 26.75 25.75 29.50 30.25 29.50 25.00 25.50 31.00 32.50 32.25 32.25 30.00 29.75 24.50 25.25 28.75 30.00 28.75 29.75 29.75 29.25 24.25 24.50 24.50 24.25 25.00 26.00 29.50 28.75 24.50 24.25 24.25 24.50 27.50 30.00 28.00 29.25 24.50 24.50 24.25 24.25 24.50 25.50 28.75 29.50 24.50 24.25 24.75 24.75 24.50 24.50 25.25 26.25 
24.75 24.50 24.75 24.50 25.50 28.00 29.75 30.50 24.50 24.75 25.50 27.00 26.00 29.50 31.00 29.50 24.75 25.50 31.00 32.00 32.00 32.25 29.50 29.75 24.50 25.00 27.75 29.00 27.50 28.75 29.50 29.00 24.50 24.50 24.50 24.50 26.00 27.00 29.50 29.25 24.50 24.25 24.25 25.00 28.25 30.00 29.50 29.00 24.25 24.25 24.00 24.50 25.00 25.50 27.50 28.75 24.00 24.75 24.25 25.00 24.50 24.75 25.00 26.00 
24.75 25.25 25.50 25.75 26.25 29.25 29.75 29.50 24.25 26.00 29.75 31.25 30.25 30.75 30.25 29.50 24.50 25.75 30.75 31.25 30.00 31.25 29.25 29.50 24.75 24.50 24.25 25.00 26.50 28.25 30.00 28.75 24.50 23.75 24.50 25.25 29.50 29.00 29.25 28.00 24.50 24.00 24.00 24.50 26.25 27.75 30.25 29.25 24.25 24.25 24.00 24.50 24.50 24.75 26.25 28.00 23.75 24.50 24.25 24.50 24.25 24.25 24.75 26.25 
24.50 24.75 25.25 25.50 25.50 29.50 29.75 30.00 24.75 25.50 28.75 29.75 28.25 30.00 30.75 29.50 24.50 26.00 31.50 31.75 31.50 31.75 29.00 30.25 24.25 24.50 25.75 26.25 26.50 28.00 29.75 28.75 24.50 24.25 24.00 24.50 28.50 29.00 29.25 28.00 24.50 24.00 24.00 24.75 26.50 29.00 29.00 28.75 24.50 24.75 24.00 24.50 24.25 25.50 26.75 28.50 23.75 24.25 24.50 24.75 24.50 24.75 25.25 26.25 
24.25 24.75 24.75 25.00 25.50 28.50 29.75 30.50 24.25 25.00 27.50 28.75 27.25 29.75 30.00 29.25 24.00 25.75 31.00 31.75 31.25 31.75 29.25 29.25 24.25 24.50 26.25 27.00 26.25 28.50 29.25 29.00 24.25 24.25 24.25 24.25 27.50 29.75 29.25 28.50 24.25 24.00 24.00 24.00 25.75 29.25 29.00 28.75 24.50 24.00 24.00 24.25 24.50 24.75 27.00 28.25 24.25 23.75 24.00 24.25 24.25 24.00 24.25 26.00 
24.50 25.00 24.75 24.75 25.50 28.50 29.75 30.50 24.50 24.75 27.00 28.25 27.00 29.50 30.25 29.50 24.25 25.00 31.25 31.75 31.75 32.00 29.50 30.25 24.00 24.75 27.00 28.25 26.50 28.25 30.00 29.00 24.50 24.75 24.00 24.75 27.25 28.25 29.50 28.75 23.75 24.25 24.00 24.50 26.50 30.00 28.50 28.50 24.50 24.00 24.25 23.75 24.50 25.25 27.00 28.50 24.25 24.75 24.50 24.50 24.50 24.75 25.00 26.50 
24.75 25.00 24.75 24.75 25.25 28.75 29.50 30.25 24.50 25.25 26.75 28.50 26.50 29.75 30.25 29.25 24.50 25.75 31.50 32.00 32.00 32.00 29.50 29.50 24.25 24.75 27.00 28.00 26.50 27.75 29.75 28.50 24.50 24.50 24.25 24.00 26.25 27.00 29.25 28.75 24.50 24.00 24.00 24.50 27.00 30.00 28.50 28.50 24.00 24.50 23.75 24.25 24.50 25.25 27.50 28.25 23.50 24.25 24.25 25.00 24.00 24.50 25.00 26.00 
24.50 24.50 25.00 25.25 25.50 28.00 29.50 30.50 24.75 25.25 27.00 28.50 27.25 29.75 30.00 29.50 24.50 25.50 31.00 32.00 31.75 32.25 29.25 29.75 24.00 25.00 26.75 27.75 26.50 27.75 29.75 28.50 24.50 24.00 24.25 24.25 25.75 27.00 29.25 28.50 24.25 24.75 23.75 24.25 27.50 30.00 28.75 29.00 24.25 24.50 24.75 24.00 24.75 25.75 27.25 28.50 24.25 24.25 24.25 24.25 24.75 24.50 25.00 26.00 
24.75 24.75 25.25 25.00 25.00 28.50 29.25 30.50 25.25 25.50 27.25 28.75 27.00 30.25 30.50 29.75 24.50 25.75 31.25 32.00 32.00 32.00 29.75 29.75 24.75 25.25 26.25 27.50 26.25 28.50 29.00 29.00 24.25 24.25 24.00 24.25 26.00 27.25 29.00 28.50 24.50 24.25 24.25 24.00 27.75 30.00 28.25 28.25 24.50 24.25 24.00 24.25 24.25 25.50 27.25 28.25 24.25 24.25 24.50 25.00 24.75 24.75 24.50 26.50 
24.25 24.00 24.50 24.25 25.00 28.50 29.00 30.00 24.25 25.00 26.75 28.75 27.00 29.50 30.25 29.50 24.25 25.25 31.00 31.75 31.50 32.00 29.50 29.75 24.25 24.75 25.75 27.00 26.00 28.00 29.50 28.50 24.75 24.00 24.00 24.00 25.50 27.00 28.75 28.25 24.00 24.00 23.50 23.75 27.50 29.50 28.75 28.00 24.00 23.75 23.75 24.25 24.50 24.75 27.50 28.00 24.00 24.00 23.75 24.25 24.50 24.00 24.50 25.50 
24.50 25.25 25.25 25.00 25.50 28.75 29.00 30.50 24.50 25.25 27.50 29.00 27.25 29.50 30.25 29.25 24.25 25.50 30.75 32.00 31.75 31.75 29.75 30.00 23.50 24.75 26.00 27.00 25.75 27.75 29.25 28.75 24.25 23.75 24.25 24.25 24.25 26.00 29.00 28.75 24.25 24.50 23.75 24.00 27.50 27.25 27.75 27.25 24.75 24.25 24.25 24.25 24.25 25.50 27.50 28.00 24.25 23.75 24.50 24.25 24.25 24.00 24.50 25.25 
24.25 25.00 25.25 25.00 25.25 28.25 29.50 30.25 24.75 25.25 27.50 29.00 27.75 29.75 30.25 29.25 24.50 25.50 31.00 31.75 31.50 32.25 29.75 29.75 24.50 24.75 25.50 27.00 26.00 28.25 28.75 29.00 24.75 24.25 24.25 24.00 24.00 25.75 29.00 29.00 24.25 23.75 24.00 23.75 26.00 27.50 27.00 28.00 24.50 24.25 24.25 24.25 24.50 26.00 27.50 27.50 24.50 24.50 24.25 24.00 24.75 24.25 25.00 25.00 
24.25 25.00 25.00 25.00 25.25 28.00 29.75 30.00 24.75 25.25 27.50 29.25 27.25 29.25 30.00 29.25 24.25 24.75 30.75 32.00 31.75 31.75 29.75 29.75 24.25 24.75 25.50 26.25 26.00 28.00 29.25 28.75 24.25 24.50 24.25 24.50 24.00 25.25 29.00 28.25 24.25 24.00 23.75 24.00 26.25 27.50 27.00 27.75 24.25 24.50 24.25 23.75 24.50 26.00 27.25 27.50 24.25 24.50 24.50 24.50 25.00 24.50 25.25 25.00 
24.75 25.00 25.00 24.75 25.75 28.25 29.50 30.75 24.75 24.75 28.75 30.00 27.50 29.75 30.25 29.75 24.25 25.25 31.00 31.75 32.00 31.75 29.25 29.75 24.50 25.00 25.00 26.00 25.25 27.75 29.25 29.00 24.25 24.25 24.00 24.00 24.25 26.00 28.50 28.50 24.50 24.00 23.50 24.00 26.75 27.25 27.50 28.00 24.50 24.25 24.00 24.25 24.50 26.00 27.25 27.00 24.25 24.25 24.25 24.50 24.50 24.50 24.75 25.25 
24.75 24.75 24.75 24.75 25.00 28.75 29.25 30.00 24.75 25.00 28.75 30.25 28.00 29.75 30.25 29.00 24.25 25.50 30.75 31.25 31.50 31.50 29.50 29.25 24.00 24.75 24.75 25.25 24.75 28.25 29.00 29.00 24.00 23.75 23.75 24.00 24.50 26.00 28.75 28.25 24.25 24.25 23.50 23.75 26.50 27.00 27.75 27.50 24.50 24.25 24.00 24.00 24.50 25.25 26.75 26.75 23.75 23.50 24.75 24.75 24.50 24.00 25.25 25.75 
24.75 24.75 25.50 25.75 25.25 29.50 29.50 29.75 24.75 25.50 29.50 30.50 28.75 30.25 30.25 29.25 25.00 25.50 30.75 31.25 31.25 31.50 29.50 29.25 24.00 24.50 25.00 25.25 25.25 28.25 29.25 28.75 24.00 24.25 24.25 24.25 24.75 26.25 28.75 28.00 24.25 24.25 24.00 24.25 26.25 28.00 28.25 27.75 24.00 23.75 24.25 24.00 24.50 25.00 26.25 26.75 24.25 24.50 24.50 24.25 24.25 24.25 25.50 25.75 
24.25 25.00 25.00 25.00 25.25 28.75 29.25 30.25 24.75 25.25 28.75 29.50 27.50 29.75 30.00 29.25 25.00 26.50 31.00 31.75 31.50 31.50 29.50 29.50 24.25 25.00 26.25 26.00 26.00 28.75 30.00 28.75 24.25 24.00 24.25 24.25 24.25 26.50 28.50 28.25 24.00 24.50 24.00 24.00 26.75 28.00 28.25 27.75 24.50 24.75 24.25 24.50 24.00 26.25 28.00 27.50 24.00 24.25 23.75 24.25 24.50 24.50 25.00 25.75 
24.75 25.00 25.50 24.25 25.25 28.00 28.50 30.25 24.75 25.00 26.25 27.00 25.75 29.75 30.00 29.25 25.25 26.25 31.75 32.25 32.00 31.50 29.50 29.50 24.00 25.25 29.00 29.75 28.75 31.00 29.75 29.25 24.25 24.00 24.50 24.50 24.75 27.50 28.75 28.75 24.50 24.50 24.25 24.25 25.75 27.00 29.00 27.75 23.75 24.75 24.00 24.25 24.75 28.00 28.75 28.50 24.25 24.50 24.25 24.25 24.25 25.00 25.50 26.25 
24.75 24.75 25.25 24.00 25.00 26.50 27.50 29.50 24.75 24.75 24.75 25.00 25.25 29.00 30.25 30.00 24.50 25.25 28.50 29.50 27.25 30.50 29.75 29.75 24.75 26.50 31.75 32.25 32.25 32.00 29.75 29.25 24.75 25.00 26.25 27.25 26.25 29.00 29.25 29.25 24.75 24.50 24.00 24.25 25.00 26.75 29.25 28.50 24.00 24.25 24.00 24.25 25.75 28.25 28.25 27.75 24.50 24.25 24.75 24.50 25.00 25.50 27.00 26.75 
24.50 25.00 24.25 24.00 24.75 26.00 27.25 29.00 24.75 24.75 24.75 25.00 24.75 29.00 30.00 30.00 24.50 25.00 29.25 29.25 27.75 30.00 30.00 29.50 24.25 26.50 31.50 32.00 32.25 32.00 29.25 30.00 24.25 24.50 26.25 26.75 25.50 28.75 28.75 29.00 24.25 24.25 23.75 24.00 24.75 26.25 29.00 28.25 24.00 24.00 24.00 24.00 25.75 27.75 28.00 27.75 24.00 23.75 23.75 24.25 24.50 25.50 26.50 26.75 
24.75 25.00 25.25 24.25 24.75 26.00 27.00 28.75 24.75 25.00 25.00 24.75 24.75 28.50 29.75 30.75 25.00 25.75 29.25 30.25 28.00 30.25 30.00 29.25 24.75 25.75 31.75 32.00 32.50 32.50 30.00 30.00 24.75 25.00 26.25 27.00 25.75 28.75 29.25 29.00 24.50 24.25 24.50 24.50 24.75 26.25 29.50 28.50 24.50 24.00 24.00 24.25 25.75 28.25 28.25 28.00 24.00 24.50 24.25 24.50 24.75 25.75 25.75 26.75 
24.75 24.75 24.75 24.00 24.75 25.75 27.25 29.00 25.00 25.00 24.75 25.00 24.75 28.25 29.75 30.00 24.50 25.25 29.25 30.25 28.00 30.25 30.00 29.50 24.50 25.75 31.25 32.00 32.25 32.50 29.75 30.00 24.25 24.50 26.25 26.25 25.50 28.25 29.00 29.25 24.75 24.25 24.00 24.50 24.50 26.50 29.00 28.25 25.00 24.25 24.25 24.50 25.50 28.50 28.00 28.00 24.00 24.50 24.50 24.75 24.75 25.25 26.50 26.25 
24.25 25.00 24.25 24.50 24.50 25.50 27.25 28.75 24.75 24.75 25.25 25.50 25.00 28.75 30.00 30.00 24.50 25.50 29.50 30.25 28.25 30.25 30.00 29.25 24.75 25.75 31.25 32.00 32.00 32.00 29.25 29.50 24.50 24.25 25.50 26.25 25.75 28.25 28.75 29.00 24.50 25.00 24.25 24.00 24.50 26.25 29.25 28.75 24.25 24.00 24.25 24.25 25.25 28.75 28.25 28.00 24.50 24.25 23.75 24.25 24.50 25.50 26.00 27.00 
24.00 25.50 24.50 24.50 24.50 25.75 27.00 29.25 24.75 24.50 24.75 25.25 24.75 28.75 30.25 30.50 24.50 25.50 29.25 30.25 28.50 30.25 30.25 29.50 24.50 25.75 31.00 31.75 32.25 32.25 29.75 29.75 24.75 24.75 25.50 26.75 25.50 27.50 29.25 29.25 24.25 24.25 24.00 24.00 24.50 26.25 29.00 28.50 24.75 24.00 24.25 24.25 25.50 28.00 28.25 28.00 24.75 24.00 24.50 24.75 24.75 25.25 26.00 26.50 
24.25 24.50 24.25 24.25 24.75 25.75 26.75 29.25 24.25 24.75 25.00 25.25 24.75 28.00 29.75 30.00 23.75 25.00 29.25 30.25 28.25 30.00 30.00 29.25 23.75 25.50 30.75 31.75 32.00 32.00 29.25 29.00 24.50 24.25 25.00 26.00 25.25 27.75 28.75 29.00 24.00 23.75 24.00 23.75 24.25 27.00 28.75 28.25 24.25 24.50 24.25 24.00 24.25 28.75 28.25 28.50 23.75 24.50 24.25 24.25 24.00 24.75 25.25 26.00 
24.50 24.75 24.75 24.25 24.50 25.75 27.75 29.00 24.25 24.50 24.75 25.00 24.75 28.25 30.00 30.50 24.25 25.00 29.25 30.50 28.50 30.00 30.00 29.25 24.50 25.50 31.00 32.00 32.25 32.00 29.50 30.00 24.25 24.50 25.25 26.00 25.25 27.75 28.75 28.75 24.75 24.25 24.50 24.25 26.00 26.25 29.25 28.75 24.50 24.50 24.00 24.25 25.50 28.50 29.75 28.25 23.50 24.25 24.00 24.00 24.50 24.75 26.00 26.50 
23.75 24.75 24.25 24.50 24.75 26.25 27.00 29.00 24.25 25.00 25.00 25.25 25.00 28.75 29.75 30.00 24.50 25.50 29.25 30.50 28.75 29.75 30.00 29.50 24.00 25.25 30.75 32.00 31.75 32.25 29.50 29.50 24.75 24.50 25.25 26.00 25.75 28.00 29.75 28.50 24.50 24.25 24.25 24.25 26.25 26.00 28.75 28.25 24.50 24.50 24.00 24.75 27.25 28.00 29.25 28.00 24.25 24.00 24.25 25.25 24.75 25.25 26.00 26.25 
24.00 24.75 24.25 24.00 24.50 26.00 27.50 28.75 24.50 25.00 24.75 25.00 25.25 28.50 30.00 30.00 25.00 25.00 29.00 30.75 29.00 30.25 30.50 29.25 25.00 25.25 30.75 32.25 31.75 31.75 29.25 29.50 24.25 24.25 25.50 26.25 25.50 28.00 29.25 29.00 24.75 24.50 24.25 23.75 25.75 25.50 28.50 28.50 24.00 24.50 24.25 24.25 27.25 28.00 29.00 28.00 23.50 24.25 24.25 24.50 24.75 25.50 25.50 26.50 
24.50 24.50 24.50 24.25 24.25 25.75 27.00 29.00 24.50 24.75 24.75 25.00 24.75 28.50 30.00 29.75 24.25 25.50 29.25 30.50 29.00 30.00 29.75 29.75 24.50 25.25 30.75 31.75 31.75 32.00 29.50 29.50 24.00 24.00 25.00 26.00 25.25 27.50 29.50 28.75 24.25 24.50 24.00 23.75 25.75 26.00 28.25 28.50 24.25 24.00 24.00 24.50 27.00 28.50 29.25 28.25 24.00 24.25 24.50 24.25 25.00 24.75 25.50 26.00 
24.50 24.75 24.50 24.00 24.25 25.75 27.25 29.00 24.50 25.00 24.50 25.00 24.25 28.25 29.50 29.50 24.00 25.25 29.25 30.50 28.50 29.75 29.50 29.25 24.00 25.50 30.75 32.00 31.75 31.75 29.25 29.00 24.50 24.00 25.00 25.75 25.00 27.75 29.25 28.75 24.25 24.25 24.00 24.25 25.25 25.75 28.50 28.50 24.00 24.25 23.50 23.75 26.75 28.00 29.00 27.50 23.50 24.00 24.00 24.25 24.25 24.50 25.25 25.75 
24.00 24.25 24.25 24.25 24.75 26.00 27.50 29.25 25.00 25.00 24.50 25.00 24.25 28.25 30.00 29.75 24.50 25.25 29.50 30.25 29.00 30.00 30.00 30.00 24.25 25.75 31.00 31.50 32.00 32.00 29.50 29.50 23.75 24.50 25.25 25.50 25.25 27.50 29.25 29.00 24.25 23.75 24.25 24.00 25.25 25.50 28.75 28.00 23.75 23.75 24.25 24.00 27.25 28.25 29.00 27.75 24.00 24.00 24.00 24.50 24.50 25.00 25.50 26.00 
24.25 24.75 24.00 24.25 24.25 26.50 27.50 29.25 24.50 25.00 24.25 25.00 24.75 28.75 29.75 29.50 24.50 25.25 29.75 30.50 29.25 30.50 30.00 29.00 24.00 25.50 30.75 31.75 31.75 32.00 29.75 29.50 24.50 24.50 25.25 25.75 25.25 27.75 29.00 29.25 24.25 24.00 24.00 24.00 25.50 25.25 28.75 27.75 24.00 24.25 23.75 24.25 27.25 28.50 29.50 28.00 24.50 24.50 24.25 24.50 24.75 25.25 25.00 26.25 
24.50 24.00 24.50 24.50 24.25 25.25 27.00 29.50 24.25 25.00 24.50 25.50 25.00 28.75 30.00 29.75 24.00 25.25 30.00 31.00 28.75 30.00 29.50 29.50 24.25 25.75 31.00 32.00 32.00 32.00 29.75 29.50 24.50 24.25 25.25 26.25 25.25 28.00 29.00 28.50 24.75 24.25 23.75 24.00 25.50 25.50 28.75 28.25 24.50 24.25 24.00 24.75 27.25 28.50 29.50 28.25 24.25 24.25 24.50 24.50 24.50 24.75 26.00 26.25 
23.50 24.50 24.25 24.25 24.25 26.25 27.25 29.50 24.50 24.25 24.75 25.00 24.75 28.50 29.75 29.25 24.00 25.50 30.00 30.75 28.50 30.00 30.00 29.50 24.25 25.50 30.75 31.75 31.75 31.75 29.25 29.50 24.25 24.25 25.00 25.75 24.50 28.50 29.00 28.75 24.25 23.75 24.00 24.25 25.75 25.75 29.00 27.75 24.50 23.50 24.00 24.25 27.50 28.25 29.50 27.75 24.25 23.75 24.25 24.25 24.75 25.25 25.25 25.75 
24.00 24.25 24.25 23.50 24.25 26.00 27.00 28.75 24.00 24.25 24.50 25.00 24.25 28.50 29.75 29.25 24.50 24.75 29.50 30.50 28.50 29.75 30.00 28.75 24.00 25.50 30.75 31.75 31.50 31.50 29.25 29.00 24.25 24.25 24.50 25.00 24.75 27.50 28.75 28.75 24.00 23.75 23.50 23.50 23.75 25.50 28.25 27.25 24.50 23.75 23.75 24.00 25.00 24.75 27.75 27.25 23.25 23.50 24.00 25.00 27.00 25.75 25.75 25.75 
24.00 24.25 24.50 24.00 24.50 26.25 27.25 29.25 24.50 25.00 25.00 25.00 24.75 28.50 29.50 29.75 24.50 25.25 30.00 30.75 29.25 30.00 30.00 29.25 24.25 26.00 30.75 31.50 31.50 31.75 29.50 29.50 24.25 24.25 25.00 25.50 24.75 28.00 29.00 28.50 24.00 24.25 23.50 24.00 24.25 25.50 28.50 27.50 24.25 24.75 23.75 24.25 23.75 24.50 26.50 27.00 23.50 24.75 24.00 24.50 24.50 24.50 27.50 26.00 
24.50 24.50 24.25 24.00 24.75 25.50 27.25 29.25 24.75 24.75 24.75 25.50 25.00 28.75 29.75 29.75 24.25 25.75 30.75 31.25 29.75 30.50 29.75 29.25 24.50 25.75 31.00 31.25 31.25 31.25 29.25 29.25 24.00 24.25 24.75 25.00 25.00 28.50 29.25 28.75 24.25 24.00 23.75 24.00 24.25 26.50 28.75 27.50 24.75 24.50 24.25 24.00 24.00 23.75 26.75 26.50 23.50 24.00 23.75 24.25 23.75 24.50 26.75 26.25 
24.50 25.00 24.50 24.25 24.50 26.25 27.25 29.75 24.50 25.00 25.25 25.50 24.75 29.25 29.75 29.25 24.25 26.00 31.00 31.25 29.25 30.50 30.00 29.00 24.00 25.50 30.50 30.75 31.00 31.50 29.00 29.50 24.00 24.00 24.50 24.75 24.50 28.00 29.00 28.75 24.00 24.00 23.75 24.00 24.00 25.50 28.25 27.50 23.50 24.25 24.00 23.75 23.75 24.00 26.25 26.50 24.00 23.75 24.00 23.75 24.00 23.50 27.25 26.25 
24.75 24.75 24.25 24.00 24.75 26.50 28.25 29.75 23.75 24.75 25.00 26.00 25.25 28.75 30.25 29.00 24.25 25.00 31.00 31.50 31.25 31.00 30.00 29.00 24.25 25.00 28.50 30.25 29.50 30.75 29.00 28.75 24.25 24.25 24.00 24.25 24.50 27.00 28.50 28.50 24.25 24.00 23.50 23.75 24.00 24.50 28.00 27.00 24.25 24.00 23.75 24.00 23.50 24.25 28.25 25.75 23.75 24.00 24.00 25.25 27.25 25.00 25.25 25.00 
24.25 24.50 24.50 24.50 24.50 26.25 28.50 29.75 24.25 24.50 25.50 26.00 25.50 28.75 30.00 29.00 23.75 25.00 30.50 31.50 31.00 30.75 29.75 29.00 24.25 25.00 28.00 30.00 29.00 30.75 29.00 29.00 23.50 23.75 23.75 24.50 26.25 29.25 28.75 28.50 24.50 23.75 23.50 23.75 25.00 28.50 28.75 26.00 23.25 23.50 24.25 23.75 23.75 25.25 28.25 25.25 23.50 23.75 23.75 24.50 24.25 23.75 24.25 25.00 
24.25 24.50 24.50 24.25 24.50 26.50 28.75 29.75 24.25 25.75 25.75 26.75 26.00 28.75 30.25 29.00 24.00 25.25 30.75 31.75 31.50 31.50 30.25 29.00 24.25 24.75 28.00 29.50 28.50 30.25 29.00 28.75 24.50 24.25 24.25 24.50 25.75 27.50 29.00 28.75 24.50 24.50 23.75 24.00 29.25 26.25 28.50 26.50 24.75 24.00 23.50 23.75 24.25 27.00 28.00 25.25 24.25 24.25 24.50 24.00 24.50 24.00 24.75 25.25 
24.25 24.50 24.25 24.00 25.00 26.50 28.50 30.25 24.25 24.50 25.50 26.50 25.75 28.25 30.25 29.50 24.00 25.00 30.50 32.00 31.75 31.00 29.75 29.50 24.00 25.25 27.50 29.50 28.75 30.50 29.00 29.00 24.00 24.00 24.25 24.25 27.00 27.50 28.75 28.50 23.75 24.00 23.25 24.00 27.25 27.75 29.00 27.25 23.75 24.00 23.75 24.50 26.50 27.50 28.25 25.25 24.00 24.00 24.00 24.25 24.75 24.50 24.75 24.75 
24.25 24.75 24.25 24.25 25.25 26.75 29.25 30.50 24.25 25.00 26.00 27.50 25.75 28.25 29.75 29.00 24.50 25.25 30.75 31.75 32.00 31.00 30.00 29.25 24.00 24.50 26.75 28.25 27.75 29.75 28.75 29.25 24.00 23.75 24.00 24.00 24.00 27.00 28.50 28.50 24.50 24.00 24.00 24.00 24.25 24.25 28.25 27.00 24.25 24.25 24.00 23.75 23.75 24.25 28.50 25.75 24.00 24.25 24.25 24.75 24.50 26.50 25.50 25.25 
24.50 25.25 24.75 24.50 24.75 27.25 28.25 30.00 24.50 24.75 26.75 28.00 26.25 29.00 29.75 29.00 24.25 25.50 31.00 31.50 32.00 31.25 29.75 29.25 24.25 24.50 26.00 27.50 27.00 30.00 29.00 28.75 24.50 23.75 24.25 24.25 24.25 27.50 28.75 28.50 24.00 23.75 23.75 23.75 24.00 25.25 28.50 27.00 24.25 24.25 23.50 24.25 23.75 24.00 28.50 25.50 24.25 24.00 24.00 24.75 24.25 24.50 27.50 25.75 
24.50 24.50 24.50 24.00 24.50 26.00 28.25 29.25 24.50 24.50 26.50 27.50 25.75 28.25 29.50 28.75 24.00 24.75 30.75 31.25 32.00 31.25 29.75 29.25 24.00 25.00 26.25 28.50 28.00 30.25 28.75 28.75 24.25 24.50 24.50 25.00 24.75 28.50 29.25 28.75 24.00 24.50 23.75 24.25 24.50 26.75 28.75 27.25 24.25 24.50 24.00 23.50 24.00 24.25 27.75 26.50 24.50 23.75 24.00 24.25 24.00 24.50 28.50 25.75 
24.75 25.00 24.50 24.50 24.50 26.50 27.25 29.75 24.75 25.25 25.25 25.00 25.00 29.25 29.75 30.00 24.50 26.00 30.50 30.00 27.50 30.25 30.00 29.25 25.00 26.75 31.75 31.75 32.25 31.75 30.00 29.00 24.75 24.50 25.75 26.75 25.75 29.25 29.00 29.25 24.50 24.25 24.50 24.00 24.75 27.75 28.75 27.25 24.75 24.25 24.00 23.75 23.75 24.75 28.25 26.00 24.25 23.75 24.25 24.50 24.75 27.00 26.75 25.50 
24.25 24.00 24.50 24.00 24.50 25.75 27.25 28.50 24.75 24.50 24.75 25.00 24.75 29.00 29.75 30.25 24.25 25.75 29.75 30.25 28.25 29.50 29.25 29.00 24.25 25.75 31.25 31.50 31.75 31.50 29.50 29.25 24.25 24.25 25.50 26.25 25.25 28.75 29.00 29.25 24.00 24.25 24.00 25.75 26.00 27.25 28.75 27.00 23.75 24.25 24.00 24.25 26.25 28.50 28.50 26.50 24.00 24.00 23.75 24.25 24.00 25.50 25.75 25.50 
24.25 24.50 24.50 24.50 24.00 25.75 27.00 29.00 24.75 24.75 24.50 25.00 24.50 28.50 29.75 29.75 24.25 25.00 29.50 30.00 28.00 29.75 29.75 29.25 24.25 25.75 31.50 32.00 32.25 32.00 30.00 29.50 24.25 24.25 25.75 27.25 26.00 28.75 29.00 29.00 24.50 24.75 23.75 25.00 28.50 27.75 28.75 28.25 24.00 24.25 24.00 24.75 27.00 28.25 28.75 26.50 24.25 24.25 24.75 25.00 24.50 25.75 26.50 25.75 
23.75 24.50 24.00 24.25 24.75 26.00 27.00 28.50 24.75 24.00 24.50 25.50 25.00 27.75 30.00 30.00 24.00 25.25 30.50 31.25 30.00 30.25 30.00 29.50 24.25 25.25 29.75 31.25 31.50 32.25 29.50 30.00 24.25 23.75 24.75 24.75 25.00 28.00 29.00 28.75 24.25 24.50 24.25 25.50 27.25 26.00 28.50 27.25 24.00 24.50 24.00 25.00 27.50 27.25 29.00 26.25 24.25 24.25 24.50 25.00 25.25 25.75 25.75 25.50 
24.50 24.50 24.25 24.25 24.50 25.75 27.50 29.25 24.50 24.75 25.00 25.25 25.25 28.00 30.00 30.25 24.00 25.25 30.25 31.75 30.50 30.25 30.25 29.25 24.25 25.00 29.50 31.25 31.25 31.75 29.50 29.50 24.75 24.00 24.50 24.75 24.75 27.25 28.75 29.25 24.25 24.00 23.75 24.25 24.50 25.00 28.50 27.25 24.50 24.00 24.25 24.00 23.75 24.25 28.00 26.00 24.50 24.50 24.25 24.25 24.50 26.50 26.25 25.25 
24.75 25.25 24.50 24.75 25.00 26.00 27.00 28.75 24.25 25.00 24.75 26.00 25.00 27.25 29.75 30.00 24.00 25.00 30.25 31.75 31.25 30.50 30.25 29.25 24.50 24.75 27.75 30.50 30.25 31.25 29.50 29.75 24.25 24.25 24.50 24.50 24.50 27.00 29.00 29.25 24.25 24.50 24.00 24.00 24.50 25.50 28.75 27.75 24.00 24.00 24.25 24.00 23.50 24.00 28.00 26.25 23.75 24.50 24.00 24.50 23.75 24.50 27.75 25.25 
24.25 24.50 24.50 24.50 24.75 25.00 26.50 27.75 24.00 24.50 25.00 25.75 25.00 27.00 29.75 29.50 24.50 24.50 29.25 31.75 31.00 30.00 30.25 29.25 24.00 24.75 27.50 31.00 30.50 31.25 29.50 29.25 24.00 24.00 24.50 25.00 24.25 26.50 28.75 29.50 23.75 23.75 23.50 24.25 24.00 24.50 28.75 28.00 24.25 24.00 24.00 24.00 23.50 24.00 27.00 26.50 23.75 24.00 24.00 24.25 23.75 23.75 27.25 25.75 
24.75 24.75 25.00 24.50 24.75 25.50 26.25 28.00 24.50 24.75 24.50 24.75 25.00 27.00 29.50 30.00 24.25 25.00 28.00 30.25 28.50 29.00 30.50 29.75 23.75 25.25 29.50 32.25 32.00 32.25 30.00 29.25 24.50 24.50 25.25 26.75 25.75 28.00 29.25 29.00 24.25 24.25 24.00 24.00 24.50 25.75 29.00 28.50 24.75 24.25 23.50 24.25 24.00 24.50 27.50 27.00 24.00 24.00 24.25 24.25 24.75 24.00 28.25 26.25 
24.25 25.00 24.25 24.50 24.75 25.00 26.00 27.50 24.50 24.50 24.50 24.75 24.50 26.25 29.75 30.50 24.25 24.25 26.75 29.50 27.75 28.50 30.25 29.50 24.50 24.75 29.25 31.75 32.25 32.00 29.75 29.75 24.25 23.75 25.25 27.25 27.00 27.75 29.50 29.25 24.25 23.75 24.00 24.25 24.75 25.00 28.50 28.25 25.00 24.25 24.00 24.25 24.00 24.50 27.50 27.00 24.00 24.00 24.50 25.25 25.50 26.75 27.50 25.75 
24.75 24.50 24.25 24.00 24.50 25.00 26.25 27.50 24.50 25.00 24.25 25.00 24.50 26.25 29.25 30.00 24.75 24.75 26.50 29.25 27.25 28.50 30.00 29.00 24.00 25.00 29.50 31.75 32.50 32.25 30.00 29.75 24.25 24.25 26.00 27.25 27.00 27.75 29.25 29.50 24.25 24.50 23.75 24.75 28.00 28.75 29.00 29.00 25.00 23.75 23.75 24.00 24.50 28.00 29.50 27.00 24.25 24.75 24.75 24.75 24.75 24.75 26.50 26.00 
24.50 24.50 24.75 23.75 24.50 24.75 26.50 27.75 24.25 24.50 24.50 24.75 24.75 26.25 29.25 29.75 24.50 24.50 26.25 30.00 28.00 28.00 29.75 29.50 23.75 24.75 28.75 31.75 32.25 32.00 30.00 29.50 24.25 24.25 25.00 27.00 26.25 27.25 29.50 29.00 24.75 24.25 24.25 24.75 27.75 27.00 28.75 28.50 24.50 24.50 23.75 24.25 25.75 28.50 28.75 26.50 24.00 25.00 24.50 24.25 24.50 25.00 27.00 25.25 
24.25 24.25 24.00 24.25 24.25 24.75 25.75 27.00 24.00 24.50 24.50 24.75 24.25 26.25 29.25 29.75 24.50 24.50 26.50 29.75 27.75 28.00 30.25 28.75 24.25 24.75 28.50 31.50 31.75 32.50 30.25 29.50 23.75 24.00 25.25 27.00 26.75 27.25 29.00 29.00 23.75 24.25 23.50 24.50 27.75 27.25 28.75 28.50 24.00 24.00 23.75 24.25 25.50 28.25 29.00 27.00 23.75 24.50 23.75 24.25 24.75 25.00 26.75 25.25 
24.00 24.25 24.50 24.00 24.25 24.25 25.75 27.50 24.75 24.75 24.50 24.75 24.75 26.00 29.75 29.75 24.25 24.75 26.75 29.50 28.25 28.00 30.25 29.00 24.25 25.00 29.00 31.75 32.25 32.25 30.25 29.75 24.25 24.00 24.75 27.50 26.50 27.00 29.50 29.25 24.50 24.00 24.00 24.50 28.25 27.50 29.25 29.00 23.75 24.25 24.00 24.25 25.50 28.50 28.75 26.50 24.25 24.25 24.50 24.25 24.50 25.50 26.25 25.50 
24.75 24.25 24.75 24.25 24.50 25.00 25.75 27.75 24.50 24.75 24.25 24.50 24.75 26.00 29.75 29.75 24.50 24.75 26.75 29.75 28.00 28.25 30.25 29.75 24.50 24.50 28.50 32.00 32.50 32.25 30.25 30.00 24.75 24.25 25.00 27.25 26.75 27.50 29.00 29.00 24.25 24.50 24.00 24.50 28.25 27.00 29.00 28.25 24.25 24.50 24.00 24.50 26.00 28.25 29.25 27.00 24.00 24.50 24.25 24.25 24.50 25.25 27.00 26.25 
24.00 24.50 24.50 23.75 24.50 25.25 26.50 27.50 25.00 25.00 24.50 25.00 24.25 26.50 29.75 29.75 24.25 25.00 27.25 30.25 28.50 28.50 30.50 29.50 24.25 24.75 29.25 31.75 32.25 32.25 30.00 29.50 23.75 24.50 25.50 27.00 26.50 27.00 29.50 29.25 24.50 24.75 24.25 24.50 28.25 27.00 29.25 28.25 24.50 24.25 24.50 24.25 25.50 28.25 28.75 26.50 24.25 24.50 24.25 24.50 24.75 25.75 26.75 25.25 
24.25 24.00 24.25 24.00 24.25 25.00 25.75 27.50 24.50 24.50 24.50 24.75 24.75 26.00 29.75 30.00 24.75 24.50 27.00 30.25 28.25 28.25 30.25 29.50 24.25 24.75 29.00 31.75 32.25 32.25 30.00 29.75 24.00 24.50 24.75 26.75 25.75 27.25 29.00 29.25 24.50 24.50 23.75 24.25 28.25 27.25 29.25 28.75 24.50 24.50 23.75 24.25 25.75 28.75 28.75 26.75 24.25 24.00 24.25 25.00 25.00 25.50 27.00 25.50 
24.00 24.50 24.50 24.00 24.25 24.75 26.25 27.50 24.25 24.75 24.25 24.50 24.75 26.25 29.25 29.75 24.25 24.50 27.50 30.50 28.50 28.75 29.75 29.50 24.00 24.50 29.00 31.75 32.25 32.00 29.50 29.50 23.50 23.75 24.50 26.00 25.75 27.25 28.75 29.00 24.25 23.75 23.75 24.25 28.25 27.25 28.75 28.25 24.75 23.75 23.75 24.00 25.75 28.50 29.00 26.50 24.00 23.75 24.50 24.00 24.75 25.25 26.50 25.25 
24.25 24.75 24.25 24.50 24.25 25.25 26.00 27.75 24.75 24.75 25.00 25.00 24.50 26.50 29.50 29.50 24.25 25.00 28.00 30.25 29.50 28.75 30.25 29.25 24.50 24.75 29.00 31.75 32.25 32.00 29.50 29.75 24.25 24.00 25.00 26.00 25.75 27.50 29.25 29.75 24.50 24.50 24.00 24.25 28.50 27.25 28.50 28.25 24.00 24.25 24.25 24.25 25.75 29.00 29.00 26.75 24.25 24.25 24.25 24.25 24.25 25.75 26.75 25.25 
24.25 24.50 24.75 24.25 24.25 25.25 26.00 27.50 24.25 24.75 24.75 24.75 24.75 26.50 29.75 30.00 24.25 25.00 27.75 31.00 28.75 28.75 30.00 29.50 24.50 25.00 29.00 32.00 32.50 32.00 29.75 30.00 24.25 24.50 25.25 26.50 26.00 27.50 29.25 29.25 24.50 24.25 23.75 24.25 28.00 27.00 29.00 28.75 24.50 24.50 24.00 24.00 26.50 28.50 29.50 27.00 24.00 24.25 24.25 24.25 24.50 25.25 27.00 25.75 
24.50 24.50 24.25 23.75 24.50 25.25 26.25 27.25 24.25 24.25 24.50 24.50 24.00 26.50 29.50 30.25 24.25 24.50 26.50 29.50 28.00 28.00 30.25 29.25 23.75 25.00 29.50 31.75 32.25 32.25 30.50 29.75 24.50 24.25 25.50 28.00 27.00 27.50 29.25 29.25 24.25 24.50 24.00 24.50 27.50 26.75 28.75 28.75 24.00 24.50 24.25 24.00 26.25 28.75 28.75 26.75 24.00 24.50 24.00 24.25 24.50 25.50 27.75 25.50 
24.25 24.75 24.50 23.75 24.00 25.00 25.50 27.25 24.50 24.50 24.25 24.25 24.25 26.75 29.00 30.00 24.25 25.00 25.00 25.75 25.00 28.50 30.00 29.50 24.25 25.50 29.50 31.50 31.00 31.75 30.50 29.50 24.75 24.75 30.00 31.75 31.25 30.50 29.50 29.50 24.50 24.75 25.00 25.75 25.25 26.50 29.50 28.75 24.50 24.25 24.25 24.50 28.00 28.25 29.25 28.00 24.50 24.25 24.25 24.50 25.00 26.25 28.25 26.25 
23.75 24.25 24.25 23.75 24.50 25.00 25.25 27.50 24.25 24.50 23.75 24.25 23.75 26.25 28.50 30.25 23.75 24.50 24.25 24.50 23.75 28.25 29.00 29.50 24.00 24.50 26.50 28.00 27.50 29.75 30.50 28.75 24.50 25.00 31.00 32.00 32.25 32.00 29.50 29.50 24.50 24.25 27.50 29.50 27.50 27.00 29.75 29.50 24.25 24.25 24.50 25.00 26.50 26.25 29.00 27.75 24.25 24.00 24.25 24.50 25.75 27.00 28.50 25.75 
24.50 24.75 24.00 24.00 24.00 25.50 25.25 27.00 24.25 24.50 23.75 24.25 23.75 25.75 28.25 30.00 24.00 24.50 24.50 24.00 24.50 28.25 29.50 30.00 23.75 24.75 24.25 24.50 25.00 29.50 30.00 29.50 25.00 24.75 28.75 31.00 31.25 31.75 29.75 29.75 24.50 25.25 30.50 32.00 31.25 28.75 29.50 29.75 24.50 24.75 25.75 26.25 25.00 25.75 28.50 28.00 24.75 24.75 25.00 25.25 27.25 28.50 29.00 28.25 
24.25 24.50 24.50 24.50 25.00 24.75 25.75 27.25 23.75 24.50 24.00 24.00 24.00 25.00 27.50 29.50 24.00 24.00 24.00 24.25 24.25 28.50 29.00 29.75 24.00 24.75 23.75 24.00 24.50 29.75 30.25 29.00 24.50 23.75 25.75 27.50 28.50 30.75 29.50 29.50 24.50 25.25 30.75 31.75 32.25 30.75 29.50 29.50 24.75 25.50 29.50 30.50 27.50 27.00 28.75 28.50 24.25 25.00 25.50 26.25 26.00 27.50 28.75 28.00 
24.00 24.25 24.25 24.00 24.50 25.25 25.25 28.00 24.00 24.25 24.00 23.75 23.50 25.25 25.25 28.00 24.25 24.25 24.25 24.00 24.25 26.75 29.00 30.50 23.75 24.25 23.75 24.00 25.50 29.50 29.50 29.25 24.75 24.00 24.25 24.25 25.25 29.25 29.75 29.75 23.50 24.00 24.50 25.25 29.00 30.75 30.25 29.75 24.50 25.25 27.50 30.75 31.25 30.75 30.00 29.00 25.00 25.00 29.25 32.00 30.00 27.25 28.00 29.25 
24.00 25.00 24.50 24.75 24.50 25.25 25.25 29.00 24.50 24.25 24.25 24.25 24.00 24.75 25.00 26.75 23.75 24.75 24.25 24.00 24.00 25.00 27.50 30.25 23.50 24.00 24.00 24.25 24.50 28.25 29.25 29.75 24.00 24.00 23.75 24.25 25.75 29.50 29.75 29.25 24.25 24.00 23.50 24.25 26.00 29.75 30.25 30.00 24.25 24.25 23.75 25.00 29.00 31.75 29.75 30.00 24.25 25.00 25.75 30.00 31.50 30.50 30.00 29.50 
23.75 24.25 24.00 24.25 24.25 24.50 25.25 28.75 24.50 24.25 23.75 24.00 23.75 24.75 25.00 27.00 24.00 23.75 23.75 24.00 23.50 24.75 26.00 30.00 23.50 23.50 23.75 23.75 24.25 26.50 29.50 30.25 24.25 23.75 24.00 24.25 26.50 29.50 29.50 28.50 24.25 23.75 23.50 24.25 28.25 30.00 29.75 29.00 24.25 24.00 23.75 24.75 27.75 30.00 29.75 29.00 23.75 24.50 24.50 25.00 30.25 31.50 29.50 28.50 
24.25 24.75 24.25 24.25 24.75 25.00 25.25 29.25 24.50 24.50 24.75 24.50 24.25 24.75 25.25 28.00 24.50 24.25 24.50 23.75 24.25 25.00 25.50 28.75 23.75 24.25 24.00 24.00 24.25 25.25 28.50 30.75 24.00 23.50 24.25 24.00 25.25 28.50 29.25 29.75 23.75 24.00 23.75 24.25 28.50 29.25 29.50 29.75 24.50 24.00 24.50 24.50 28.00 30.25 30.00 29.50 24.75 23.75 24.00 25.00 29.00 30.75 30.00 28.75 
24.50 24.25 24.25 24.00 24.50 25.25 25.25 28.75 24.50 24.00 24.25 24.50 24.25 24.25 25.00 27.25 24.25 24.00 23.75 24.00 24.00 24.50 25.00 28.50 24.25 24.25 23.50 23.75 24.50 25.25 28.25 31.25 24.25 23.50 24.00 24.00 24.75 27.75 29.25 29.75 23.75 23.75 23.25 24.50 28.50 29.50 29.75 29.25 24.50 24.25 24.00 24.00 28.50 30.50 29.75 29.00 24.75 23.75 24.75 25.25 28.75 30.50 30.25 29.00 
24.25 24.25 24.75 24.25 24.50 24.75 25.25 28.50 24.50 23.75 24.50 24.25 24.25 24.25 25.00 27.25 24.25 24.50 24.25 24.00 24.25 25.25 25.00 27.75 24.00 24.50 23.75 23.75 24.50 25.00 27.75 30.25 24.25 23.25 24.25 23.75 24.75 27.00 29.00 30.75 24.25 24.00 23.75 24.00 28.00 29.00 30.00 28.75 24.25 24.00 24.25 24.50 29.00 30.00 30.25 29.50 23.75 24.00 24.00 25.00 28.25 30.25 30.00 30.25 
24.50 24.75 24.00 24.00 24.75 24.75 25.25 28.25 24.00 24.25 24.25 24.25 24.25 24.75 24.75 27.25 24.00 24.00 24.50 24.00 23.75 24.75 24.50 27.25 23.50 23.75 24.00 23.25 24.00 25.00 27.25 30.25 23.50 23.50 23.75 23.25 24.25 26.50 29.25 29.75 24.00 24.00 23.50 24.00 27.50 29.25 29.75 29.25 24.00 24.75 23.75 24.75 29.00 29.75 30.00 29.50 24.00 23.75 24.50 24.75 27.75 30.00 30.00 29.50 
24.00 24.00 24.25 23.25 24.25 25.00 25.00 28.50 23.75 24.25 23.75 24.00 23.75 24.50 24.50 26.75 24.00 24.00 24.00 24.00 23.50 24.75 24.50 27.50 23.50 24.00 23.50 23.75 24.25 25.00 27.25 30.25 23.50 23.25 23.75 23.75 24.00 27.00 29.00 29.75 24.00 24.00 23.75 24.25 27.75 29.25 29.25 29.50 24.00 23.75 24.00 24.75 28.75 30.00 29.75 29.25 23.50 23.75 23.75 24.50 27.50 30.00 29.75 28.75 
24.25 24.50 24.00 24.00 24.75 25.25 25.00 28.25 24.25 24.50 24.25 24.25 24.25 24.75 25.25 27.50 24.25 24.00 24.25 24.00 24.00 24.75 25.00 28.25 24.25 24.00 24.00 23.75 24.25 25.25 28.00 30.75 24.25 23.75 24.25 24.25 24.25 27.75 29.50 30.25 23.75 24.00 24.00 24.25 28.50 29.25 29.75 29.50 24.25 24.75 23.50 24.75 29.25 30.25 30.00 29.75 24.25 23.50 24.25 25.00 29.00 30.25 30.50 29.00 
24.25 24.50 24.00 24.25 24.75 25.25 25.50 28.50 24.50 24.50 24.25 24.50 24.25 24.50 25.25 27.75 24.50 24.25 24.25 24.25 24.75 25.00 24.75 28.25 23.75 24.25 23.75 24.00 24.00 25.50 27.75 30.75 24.00 24.00 23.50 24.50 25.00 28.00 29.50 29.50 24.25 24.00 24.00 24.25 28.50 29.25 29.50 29.50 23.75 24.50 24.50 25.00 29.50 30.00 30.00 29.25 24.50 24.50 24.25 24.75 29.75 30.50 30.50 29.00 
24.00 24.00 24.00 24.00 24.25 25.00 25.25 28.00 24.25 24.25 24.25 24.25 24.00 24.50 25.00 27.25 23.75 23.75 24.00 24.25 24.00 24.75 25.25 28.25 23.25 23.75 23.75 23.75 24.50 25.25 28.50 31.25 23.75 23.75 24.25 24.25 25.50 28.25 29.25 29.25 24.00 24.00 23.75 25.00 29.25 29.00 29.50 29.25 24.00 24.00 24.00 24.75 29.75 30.00 29.50 28.50 24.00 24.25 24.50 25.00 30.25 30.00 29.50 28.75 
24.25 23.75 24.00 23.75 24.75 24.50 24.75 28.00 24.50 24.50 24.25 24.50 24.25 24.75 25.00 28.00 24.00 24.00 24.25 24.50 24.25 24.75 25.00 29.00 23.75 24.00 23.75 23.75 24.00 26.00 29.25 30.75 24.00 23.75 24.25 24.75 27.00 29.00 29.00 29.25 24.25 23.75 23.75 25.00 30.00 29.50 29.75 29.25 24.50 24.25 23.75 25.25 29.75 30.00 30.25 28.75 24.25 24.00 24.25 25.75 31.50 30.25 30.25 28.50 
23.75 24.25 23.75 24.00 24.50 24.50 24.75 28.00 24.00 24.25 24.00 24.50 24.00 24.25 24.50 27.50 24.00 23.75 24.00 23.25 23.50 24.25 25.00 28.75 23.75 24.25 23.50 23.75 24.50 25.75 29.00 30.50 24.25 23.75 24.00 24.25 26.75 28.50 29.25 28.75 23.75 23.75 23.75 24.50 29.25 29.25 29.25 28.75 24.00 23.50 24.00 24.50 29.25 30.00 29.75 28.00 24.50 23.75 24.25 26.00 31.50 30.00 30.25 28.25 
24.75 24.75 24.00 24.25 24.50 24.75 25.00 28.75 24.50 24.50 24.50 24.25 24.25 24.75 25.25 27.50 24.25 23.75 23.75 24.25 24.50 25.00 25.25 28.75 24.25 24.25 23.75 23.75 24.50 25.50 29.00 30.75 23.75 24.00 24.00 24.00 25.50 28.25 29.25 30.25 24.00 23.50 24.00 24.50 29.00 29.25 29.75 30.25 24.50 24.00 24.25 24.50 29.00 29.75 30.00 29.00 24.25 24.50 24.50 25.25 30.75 30.50 30.00 28.25 
24.25 24.00 24.50 24.00 24.00 24.75 25.25 27.75 24.00 24.00 24.00 24.00 24.00 24.25 25.00 27.50 24.00 23.75 24.25 24.25 24.00 24.50 24.50 28.00 23.50 23.75 23.75 23.75 24.00 25.00 28.50 31.00 24.25 23.25 23.75 24.25 25.25 29.25 30.25 30.25 24.00 24.00 23.75 24.25 28.75 29.50 30.50 31.25 23.75 24.00 23.75 24.50 29.00 29.75 30.50 30.50 24.25 24.25 24.50 25.00 31.00 30.00 30.50 29.25 
24.00 24.50 24.25 24.00 24.75 24.75 25.25 28.50 24.75 24.50 24.25 24.50 24.75 24.50 24.75 28.00 24.25 24.00 24.50 24.25 23.75 24.75 25.00 28.00 24.00 24.25 24.00 24.75 24.50 25.25 28.50 31.25 24.00 24.50 24.25 27.75 26.25 27.75 29.75 29.75 24.50 24.50 26.75 28.00 30.00 30.50 30.25 29.50 24.25 24.75 24.75 26.25 30.00 31.25 30.75 29.50 24.00 24.75 24.75 25.50 31.25 31.25 31.50 29.50 
24.00 24.50 24.25 24.50 24.50 25.50 25.50 28.50 24.75 24.25 24.00 24.50 24.25 24.50 25.25 27.50 24.25 24.25 24.25 24.50 24.25 24.75 25.25 28.00 24.00 24.00 23.75 24.25 24.25 25.50 28.50 31.25 24.00 24.00 25.50 25.00 25.25 28.25 29.50 30.25 24.50 24.50 27.00 28.50 29.50 29.75 30.00 29.25 24.25 24.50 25.25 27.50 30.25 31.25 30.25 29.00 24.50 24.75 24.75 25.75 30.75 31.50 31.50 29.00 
24.25 24.50 24.25 24.00 24.75 24.75 25.75 28.00 24.25 24.25 24.25 24.50 24.50 24.75 25.25 26.75 24.25 24.50 24.25 24.50 24.50 24.75 24.75 27.25 24.00 24.00 24.00 24.00 24.25 24.75 27.25 30.75 24.25 24.00 24.50 24.25 24.75 27.25 29.00 30.25 24.50 24.50 26.75 27.25 28.75 29.50 30.00 29.25 24.75 24.75 25.25 29.00 30.25 31.00 30.00 29.25 24.25 24.50 25.00 26.00 31.25 31.50 31.00 28.75 
24.25 24.50 24.50 24.25 24.50 25.25 25.00 28.00 24.50 24.50 24.25 24.50 24.25 24.75 25.00 26.75 24.25 24.25 24.50 24.25 24.25 25.25 25.00 27.50 23.75 24.00 24.50 24.00 24.00 24.75 26.75 30.25 24.25 24.00 24.25 24.50 24.50 27.25 29.00 30.25 24.25 24.25 26.75 28.00 28.50 29.75 29.75 29.50 23.75 24.75 25.00 28.75 30.50 31.00 30.25 29.50 24.75 25.00 24.75 25.75 31.00 32.00 31.50 29.50 
24.50 24.00 24.00 24.00 24.50 25.25 25.25 28.25 23.75 24.50 23.75 24.25 24.00 24.50 25.00 26.25 24.25 24.25 24.00 24.25 23.75 24.50 24.75 27.25 23.75 24.25 23.25 23.75 23.50 25.00 26.75 30.25 24.00 23.75 24.25 24.25 24.50 27.25 29.00 30.00 24.00 24.00 25.75 27.75 28.75 29.50 29.75 29.00 24.25 24.25 24.75 28.50 29.75 30.75 29.75 29.75 24.25 25.00 24.75 25.50 30.50 31.50 31.00 28.75 
24.25 24.25 24.75 24.25 24.50 25.25 25.25 28.25 24.50 24.25 24.50 24.00 24.50 24.75 25.50 26.75 24.50 24.00 24.25 24.25 24.25 24.75 24.50 27.50 23.75 24.50 23.50 24.00 24.25 25.00 27.25 30.50 24.25 24.25 24.50 24.00 24.25 27.25 29.25 30.00 24.25 24.00 26.00 28.50 29.00 29.75 30.25 29.25 24.25 24.50 24.50 28.50 30.75 31.00 30.25 29.25 24.25 24.75 25.00 25.50 31.50 31.25 31.25 29.25 
24.50 24.25 24.50 24.25 24.25 25.25 25.00 28.00 24.00 25.00 24.25 24.50 24.25 25.00 25.00 27.00 24.00 24.50 24.25 24.50 24.50 24.50 25.25 27.50 24.00 23.75 24.25 24.00 24.00 25.50 27.75 31.00 24.00 24.00 24.25 26.00 26.00 28.25 29.50 30.00 24.50 24.00 24.50 27.50 30.50 30.25 30.00 29.00 24.50 24.50 24.00 25.00 29.75 30.75 30.75 29.50 24.00 24.50 24.50 25.75 32.00 31.00 31.50 29.00 
24.25 24.25 24.50 24.50 24.50 25.00 25.00 28.25 24.50 24.50 24.25 24.25 24.00 24.75 24.75 27.25 24.25 24.00 24.25 24.00 24.00 25.00 25.25 29.25 24.00 24.00 23.75 24.00 24.50 26.25 30.00 31.00 23.75 24.00 24.50 24.75 28.25 29.75 30.25 29.50 24.25 23.75 24.00 24.75 29.75 30.00 31.00 29.50 24.25 24.75 24.50 26.00 30.75 30.25 31.25 29.25 24.50 24.75 27.00 30.50 32.00 29.50 31.25 28.25 
24.50 24.00 24.25 24.00 24.75 25.00 25.00 28.00 24.50 24.25 24.25 24.25 24.25 25.00 25.25 27.75 24.25 24.00 24.00 24.00 24.00 25.25 27.00 30.50 23.75 24.00 23.75 24.00 26.50 28.75 29.75 29.75 24.50 23.75 24.50 24.75 29.25 29.75 30.50 29.50 24.50 24.25 24.25 25.50 30.25 30.00 30.50 30.00 24.50 27.25 29.50 31.25 31.75 30.00 30.50 28.75 25.75 30.75 32.25 31.75 30.00 29.75 29.50 28.00 
23.50 24.50 24.00 23.50 24.75 24.75 25.00 27.75 23.75 24.25 24.00 24.00 24.00 24.50 25.25 27.50 23.75 23.75 24.25 24.25 24.25 25.50 27.50 30.25 23.50 23.75 24.25 24.00 28.00 29.25 29.75 30.00 23.75 24.00 24.25 25.00 29.75 30.00 30.00 30.00 25.75 29.50 30.00 30.00 30.75 30.00 30.75 29.50 27.50 31.50 32.00 31.00 30.75 29.25 30.75 28.75 25.75 26.25 26.50 26.00 28.50 28.75 29.25 28.00 
24.25 24.25 24.75 24.00 24.25 25.00 25.50 26.75 24.25 24.25 24.00 24.25 23.50 24.75 26.00 27.00 24.50 24.00 24.25 24.25 25.50 28.25 29.00 30.75 24.75 26.00 25.00 24.25 27.75 30.00 29.75 29.75 25.75 31.50 31.50 31.50 31.00 30.00 30.50 30.75 24.75 28.25 30.50 29.75 30.75 28.75 30.75 29.25 24.75 25.25 24.75 25.00 28.25 29.25 30.00 28.00 24.75 24.75 24.75 25.00 25.00 26.50 29.75 28.25 
24.00 24.50 24.25 23.50 24.50 25.50 25.00 26.00 24.50 24.25 23.50 24.00 24.50 25.75 26.75 28.75 24.75 25.50 25.75 24.75 25.75 29.25 29.75 30.00 25.00 30.00 31.50 29.75 28.75 30.25 30.50 29.75 25.25 28.50 31.25 31.75 32.25 30.00 30.25 30.00 24.50 24.75 25.00 25.00 29.25 28.75 30.75 28.50 24.00 24.75 24.00 24.50 26.50 29.00 29.25 28.50 24.00 24.75 24.25 24.25 24.25 24.75 28.75 27.50 
24.25 24.50 24.25 24.00 24.50 24.50 25.00 25.75 25.00 24.50 24.75 24.75 24.00 25.75 27.50 28.75 24.25 27.00 29.75 27.25 25.50 29.50 29.25 29.75 24.50 28.75 31.75 31.75 31.75 30.25 30.50 29.75 24.50 25.00 27.00 27.75 30.75 29.25 30.00 30.50 24.75 24.25 24.25 25.00 27.75 29.50 29.75 29.00 24.25 24.25 24.50 24.25 24.50 27.00 28.75 28.00 24.25 24.00 24.00 24.00 24.25 24.25 25.50 27.50 
24.50 24.50 24.50 24.00 24.75 25.50 25.00 26.00 24.75 25.00 25.25 24.75 24.25 26.25 27.75 29.25 24.50 27.25 31.00 29.75 26.25 29.00 29.50 29.25 24.25 27.25 31.00 32.00 32.00 29.75 29.75 29.00 24.75 24.50 25.00 25.75 29.00 29.00 29.75 30.50 24.50 24.00 24.00 24.50 27.25 29.25 29.50 28.75 24.50 24.25 24.00 24.25 24.75 25.75 28.75 27.75 23.75 24.25 24.00 24.50 24.25 24.50 25.25 26.75 
24.25 24.50 24.50 24.25 24.25 25.25 25.50 26.75 24.25 24.50 24.50 25.00 25.00 26.00 27.50 29.25 24.00 26.25 30.25 29.25 26.25 28.75 29.50 29.25 24.00 27.00 31.25 31.50 32.00 29.75 29.25 29.00 24.00 24.50 25.25 26.00 27.75 29.25 29.75 30.25 24.25 24.50 24.00 24.00 26.50 29.50 29.25 29.00 24.50 24.25 24.00 23.75 24.25 25.75 28.25 27.50 23.75 23.50 24.25 24.25 24.25 24.25 24.75 26.25 
24.50 24.50 24.25 24.75 24.50 25.25 25.75 26.00 25.00 25.00 25.00 24.50 24.50 26.75 28.00 29.25 24.50 26.25 31.25 30.00 27.25 28.75 29.50 29.00 24.25 26.00 31.00 31.75 31.75 30.50 29.50 29.25 24.50 24.50 25.00 25.25 27.25 29.25 29.75 30.50 24.25 23.75 23.75 24.25 26.00 28.75 29.25 28.75 24.00 24.00 23.75 24.25 24.00 25.50 28.00 28.00 24.00 24.25 24.00 24.00 24.00 23.75 25.00 26.25 
24.50 24.50 24.75 24.25 24.75 25.00 25.50 26.25 24.75 24.75 25.00 25.00 24.50 26.75 28.25 29.25 24.50 26.50 31.00 30.50 27.50 29.00 29.75 29.25 24.50 26.00 31.00 31.50 31.75 29.75 29.50 28.75 24.00 24.25 24.75 24.75 26.75 29.00 29.75 29.75 24.25 24.25 24.00 24.25 26.75 28.75 29.75 28.50 24.25 24.00 23.50 24.00 24.25 25.00 28.00 27.50 24.00 24.00 24.25 24.25 24.50 24.00 25.00 26.75 
24.25 24.50 24.50 24.50 24.50 24.75 25.75 26.50 24.50 25.00 25.25 25.25 24.75 26.75 28.75 29.75 24.75 26.50 31.50 31.25 29.25 29.50 29.00 28.50 24.00 25.75 29.50 29.75 31.00 29.75 29.75 29.00 24.25 24.00 24.50 24.25 27.00 29.00 29.75 29.75 23.75 24.50 24.00 24.25 25.75 28.50 29.25 28.50 24.00 23.75 24.00 24.25 23.75 24.75 28.00 28.00 24.25 24.25 24.25 24.25 24.25 23.75 25.25 26.75 
24.25 25.00 24.75 25.00 25.00 25.50 25.25 26.00 25.00 25.00 26.50 26.75 25.00 27.25 29.50 29.75 24.25 26.50 31.00 31.75 31.50 30.00 29.25 28.50 24.50 24.75 27.75 27.25 29.00 29.25 29.75 28.75 24.25 24.25 23.75 24.50 26.50 29.50 30.25 29.25 24.25 23.75 24.00 24.25 25.25 27.75 29.50 28.50 24.50 24.25 24.00 24.00 24.25 25.00 28.50 27.25 24.25 24.00 24.25 24.25 24.25 24.00 24.75 26.50 
24.25 25.25 25.50 24.75 25.50 24.75 25.75 26.50 24.50 25.00 28.50 29.00 26.75 27.50 29.25 30.00 24.00 25.50 30.50 30.25 30.75 29.25 29.50 28.75 24.00 24.50 24.25 24.25 27.25 29.00 29.25 28.25 24.00 23.50 24.50 25.50 29.25 28.75 28.50 28.75 24.25 23.75 24.00 25.25 28.25 28.75 28.00 27.50 24.25 23.75 24.00 24.50 24.75 26.50 26.75 26.75 24.00 24.75 24.50 24.75 24.25 23.75 25.00 25.75 
24.25 25.00 26.00 26.25 26.00 26.25 27.50 27.25 24.50 25.50 30.50 31.25 31.25 29.50 30.25 30.25 24.00 25.25 27.75 28.25 29.25 29.50 29.25 29.00 23.75 24.00 24.25 24.00 27.50 29.25 28.75 29.00 24.00 24.00 24.50 26.50 29.50 28.50 28.25 29.00 24.50 24.00 23.50 24.75 28.75 28.50 27.75 27.50 23.50 23.50 24.50 24.25 24.50 26.75 26.25 26.75 24.00 24.00 24.00 24.00 24.25 24.25 25.00 26.50 
24.25 24.25 25.25 26.25 25.75 25.75 26.75 26.25 24.75 25.25 30.50 31.25 31.00 29.50 29.50 29.75 23.75 24.50 28.25 29.50 29.50 29.75 29.75 29.00 23.75 24.25 23.75 24.00 26.75 29.00 29.50 28.25 24.00 24.00 24.00 25.50 29.75 28.75 28.75 29.00 23.75 24.00 23.75 24.50 28.75 28.25 28.00 27.00 23.50 24.50 24.00 24.25 25.00 27.50 26.25 26.50 23.75 23.75 23.50 24.25 24.00 24.00 25.00 26.25 
24.50 24.50 25.50 26.00 26.25 26.00 27.00 26.25 24.25 25.00 29.75 31.25 31.00 28.75 29.50 30.00 24.50 24.50 28.75 29.50 30.00 29.75 29.50 29.00 24.25 24.50 24.25 24.25 26.75 29.25 29.00 29.00 24.25 24.25 24.00 25.50 29.25 29.00 28.75 29.00 24.00 23.75 24.00 24.75 28.50 28.75 28.25 27.75 24.00 24.75 23.75 24.25 24.50 26.75 26.50 27.00 23.75 23.75 24.25 24.25 24.50 24.25 25.50 26.00 
24.50 24.75 25.25 25.75 25.50 26.00 26.25 27.00 24.50 25.25 29.75 31.00 29.25 28.00 29.25 30.00 24.25 25.25 30.50 30.25 31.00 30.00 29.25 29.00 23.75 24.25 24.50 24.25 27.50 28.75 29.25 28.75 24.00 24.00 24.25 26.00 29.25 29.00 29.00 29.25 23.75 24.00 23.75 26.50 29.50 28.00 28.00 27.75 24.50 24.25 23.75 24.50 26.50 29.00 26.75 26.50 24.00 24.50 24.00 24.50 25.00 24.50 26.00 26.50 
25.00 24.75 25.75 25.00 25.50 26.00 26.25 27.75 25.00 26.25 28.50 28.25 26.00 27.25 29.25 29.75 24.75 27.75 31.75 31.75 31.50 29.75 29.25 29.25 24.50 25.00 27.25 26.75 29.50 29.25 29.75 29.00 24.25 24.50 24.50 25.25 29.00 29.25 29.00 29.50 24.25 23.75 24.50 28.00 29.75 28.25 29.00 28.25 24.00 24.00 24.00 24.75 27.50 29.50 27.00 27.25 24.25 24.25 24.25 24.75 24.75 25.25 25.50 27.00 
24.75 24.75 25.75 25.25 25.75 25.75 26.50 28.25 25.00 26.00 28.25 27.50 26.00 27.25 29.00 29.50 25.00 27.75 31.50 32.00 31.50 30.25 29.50 30.00 24.50 25.50 28.00 27.50 29.75 29.25 29.75 28.75 24.00 24.25 24.00 25.00 29.25 29.25 28.75 29.25 24.50 24.00 24.50 28.00 29.75 28.75 29.00 28.00 24.50 24.25 24.00 25.25 28.00 29.50 27.75 27.25 24.50 24.00 24.50 24.75 24.75 25.25 26.00 26.75 
24.25 24.75 25.00 25.25 25.50 25.75 25.75 28.00 24.75 25.25 26.75 26.50 25.75 26.25 28.50 29.25 24.75 27.25 31.50 32.00 31.25 29.50 29.25 30.25 24.25 25.25 28.75 28.00 30.25 29.25 29.25 28.75 24.25 24.00 24.50 24.50 28.25 29.00 29.25 29.00 23.75 24.00 24.25 27.25 29.75 28.25 28.75 28.75 24.00 24.25 24.25 25.00 28.25 29.00 27.75 27.50 23.75 23.75 24.25 24.25 24.75 25.50 26.00 27.25 
24.75 25.25 25.00 25.75 25.50 26.25 26.25 28.00 25.50 24.75 26.25 26.75 26.50 26.50 28.25 28.75 24.75 27.25 31.75 32.00 31.00 30.00 29.25 30.75 24.75 26.00 29.75 28.75 31.00 29.25 29.25 28.50 24.25 24.25 24.75 24.75 28.75 29.00 29.50 29.00 24.50 24.50 24.25 27.50 30.00 28.75 29.00 29.00 24.25 24.50 24.25 25.50 28.50 29.00 27.75 27.75 24.50 24.00 24.25 24.75 24.75 26.75 25.50 26.50 
24.50 25.25 25.00 25.25 26.00 26.25 26.25 28.00 24.75 25.50 26.00 26.25 25.25 26.50 28.25 28.50 24.75 27.50 31.75 32.00 30.50 29.75 29.75 31.00 24.50 25.75 30.25 28.50 30.75 29.50 29.25 28.50 24.00 24.25 24.25 25.00 29.00 29.00 29.25 28.75 24.25 24.25 24.25 27.25 30.00 29.00 28.75 29.25 23.75 23.75 24.25 25.75 28.75 28.75 27.75 27.25 24.50 24.25 24.75 24.50 25.00 26.50 26.00 26.50 
24.50 25.00 25.50 25.25 26.00 26.50 26.50 28.25 25.00 25.25 26.50 26.00 25.75 26.25 28.00 28.50 25.00 27.00 31.50 31.50 30.50 29.50 29.50 31.25 24.50 26.50 29.75 29.50 31.00 29.75 29.50 29.25 24.50 24.25 24.50 25.25 28.75 28.75 29.25 29.25 24.50 24.25 24.00 27.50 29.75 28.50 29.00 28.75 24.00 24.25 24.25 26.00 28.75 28.75 27.75 27.75 24.50 24.50 24.25 24.75 25.25 26.50 26.00 26.25 
24.75 25.00 25.50 25.25 26.00 26.50 26.25 28.25 24.75 25.25 26.50 26.25 25.75 26.25 28.50 28.25 24.50 27.00 31.50 31.75 30.75 29.50 29.25 30.75 24.25 26.00 30.00 29.25 31.00 29.50 29.50 28.75 24.00 24.25 24.50 25.00 28.75 29.25 29.50 29.50 24.50 24.00 24.50 27.25 29.50 28.75 28.75 29.00 24.00 24.25 24.50 26.00 29.00 28.25 27.75 27.75 24.25 24.50 24.75 24.50 25.25 26.25 25.75 26.50 
24.50 25.00 25.00 24.75 25.50 26.00 25.50 27.50 24.75 25.25 25.75 26.25 25.25 26.25 27.75 28.25 24.75 27.00 32.00 31.75 30.50 29.50 29.75 30.25 24.25 25.25 29.50 28.50 30.75 29.25 29.50 28.50 24.00 23.50 24.50 24.75 28.25 29.00 29.25 28.75 23.75 23.50 24.25 27.00 29.50 28.25 29.00 29.00 23.50 24.00 23.75 25.25 28.75 29.00 27.75 27.50 24.25 24.00 24.00 24.50 25.00 26.25 26.00 26.25 
24.50 24.75 25.50 25.25 25.75 26.25 26.25 27.75 25.25 25.00 26.50 26.50 25.50 26.25 28.25 27.50 24.75 27.00 31.75 31.75 31.00 30.00 29.75 30.50 24.25 26.25 29.50 29.25 31.25 29.75 30.00 28.75 24.50 24.25 24.25 24.75 28.50 29.25 29.00 29.50 24.50 23.75 24.50 27.25 30.25 29.00 29.00 29.25 24.50 24.25 24.25 25.75 29.00 29.25 28.25 27.75 23.75 24.50 24.25 24.75 25.50 26.25 25.75 27.00 
25.00 24.75 25.25 25.50 25.50 25.50 26.25 27.75 24.75 25.25 25.50 26.25 25.25 26.25 28.00 28.50 24.75 26.50 31.75 32.00 31.25 29.75 29.75 30.75 24.50 25.50 29.75 29.00 30.75 29.50 29.50 29.00 24.25 24.00 24.75 24.50 29.00 29.25 29.25 29.25 24.25 24.00 24.25 27.00 29.75 28.75 28.75 29.25 23.75 24.50 24.00 25.75 28.75 29.00 27.50 27.75 24.25 24.75 24.25 24.75 25.25 27.00 25.75 26.50 
24.25 25.00 25.50 25.00 26.00 26.00 26.50 28.00 24.50 25.25 26.25 26.50 25.50 26.25 27.75 28.00 24.75 26.75 31.75 32.00 31.00 29.50 29.75 31.00 24.00 25.50 29.50 29.50 30.75 29.50 29.75 29.00 24.25 24.75 24.00 24.75 28.25 29.25 29.50 29.50 24.25 24.25 24.00 26.50 30.25 28.75 28.75 29.25 24.00 24.50 24.50 25.75 29.00 29.00 28.25 27.75 23.50 24.75 24.25 25.25 25.50 26.50 26.00 26.50 
24.75 25.25 25.00 25.50 25.75 25.75 26.00 27.50 25.00 24.75 26.50 26.75 25.75 26.25 28.50 27.75 24.50 27.00 31.50 31.75 31.25 29.75 29.75 30.50 24.25 25.75 30.00 29.50 30.75 29.75 29.75 29.25 24.00 24.00 24.75 24.50 28.25 29.25 29.50 29.00 24.75 24.00 23.50 26.50 30.00 28.75 28.75 29.25 24.25 24.50 24.50 25.25 28.75 28.75 28.25 27.50 23.75 24.50 24.50 24.75 25.25 26.00 25.75 27.00 
24.50 24.75 24.75 25.00 25.50 25.75 26.00 27.25 24.25 24.75 26.00 26.00 25.00 26.25 27.75 27.75 24.25 26.50 31.75 31.75 31.00 29.50 29.50 30.25 24.50 25.75 29.75 29.50 30.75 29.50 29.75 28.50 24.00 24.00 24.75 24.25 28.25 29.00 29.00 29.00 24.00 24.00 24.00 26.50 30.25 28.50 29.00 29.00 24.00 24.00 24.00 25.25 28.25 28.75 27.50 27.50 24.25 24.00 24.25 24.25 24.75 26.75 26.25 26.25 
24.75 25.25 25.75 25.25 25.50 25.75 26.50 27.50 24.75 25.50 25.75 26.25 25.50 26.50 28.25 28.25 25.00 27.00 31.75 31.75 30.75 29.75 29.50 31.25 24.00 25.25 29.75 29.25 31.00 29.75 29.75 29.25 24.25 24.25 24.50 24.50 28.25 29.25 29.25 29.00 24.25 24.25 24.00 27.25 30.00 29.00 29.25 29.75 24.25 24.25 23.75 25.25 29.25 29.00 27.75 27.75 24.50 23.50 24.25 25.00 25.25 26.75 25.75 26.25 
24.25 25.00 25.25 25.25 25.50 26.50 26.00 28.00 25.00 25.75 26.25 26.75 25.50 26.25 28.25 28.25 25.00 27.00 31.50 31.75 31.00 29.50 29.75 31.00 24.00 26.25 29.75 29.25 31.25 29.25 30.00 28.75 24.00 24.00 24.50 24.25 28.50 29.25 29.25 29.25 24.50 24.50 24.25 27.25 30.50 29.00 29.25 29.25 24.25 24.50 23.75 25.00 29.25 28.75 28.00 27.75 24.00 24.50 24.25 25.00 25.25 26.25 25.25 26.25 
24.25 24.50 24.75 25.00 25.50 26.00 26.25 27.75 25.00 25.00 25.50 26.00 25.50 26.75 28.75 28.75 24.75 27.75 31.75 31.50 31.00 29.75 29.75 30.50 24.25 26.75 30.25 29.75 30.50 29.00 29.00 28.75 24.75 24.50 24.75 24.75 28.75 29.50 29.75 29.25 24.50 23.75 24.00 25.50 30.00 29.00 29.50 28.75 24.00 24.50 24.00 24.50 27.75 29.50 27.75 27.50 24.50 24.50 24.00 24.00 25.00 25.50 26.00 26.75 
25.00 25.00 24.75 24.25 25.25 25.50 26.75 27.75 25.50 24.75 24.75 25.00 25.25 27.25 28.75 29.50 24.75 26.50 30.00 29.25 28.75 29.75 29.75 30.00 24.50 28.75 31.75 31.50 31.75 29.75 29.75 29.50 24.75 25.25 27.00 25.75 28.25 29.50 29.25 29.25 24.00 24.75 24.00 24.75 27.25 29.25 29.25 28.50 23.75 24.00 24.00 24.75 25.00 29.75 29.25 28.00 24.50 24.25 24.50 24.75 24.25 25.25 26.50 27.50 
24.75 24.50 24.50 23.75 24.75 26.00 25.75 27.00 24.00 24.00 24.25 24.25 24.50 27.00 28.25 28.75 24.50 25.00 25.75 26.00 26.50 29.75 29.75 29.75 24.50 28.00 31.50 32.25 32.00 30.00 30.00 29.00 24.75 26.50 30.25 28.50 28.00 29.00 29.50 29.00 24.75 24.75 24.50 24.75 26.25 28.75 29.25 28.25 24.25 24.25 23.75 24.00 24.50 26.00 30.00 28.00 24.25 24.50 24.75 24.25 23.75 24.25 26.50 26.75 
24.25 24.50 24.75 24.00 24.75 25.25 25.25 27.00 24.25 24.25 24.00 24.25 24.50 27.25 29.00 29.75 25.00 25.25 26.00 25.50 26.25 29.75 29.75 29.00 24.25 27.50 31.25 31.50 31.75 29.75 29.50 28.75 24.75 25.75 29.75 28.75 28.50 29.25 29.75 29.25 25.00 24.25 24.50 24.75 25.50 28.75 29.25 28.00 24.00 24.50 24.25 24.00 24.25 25.00 29.00 27.50 24.50 24.75 24.00 24.25 24.00 24.00 25.50 26.75 
24.25 24.25 23.50 24.00 24.75 25.75 25.75 27.00 24.25 24.25 24.25 24.00 24.50 28.00 30.00 30.75 24.25 24.75 26.00 25.50 26.25 30.00 29.75 29.50 24.25 28.00 31.50 30.75 31.00 30.25 29.25 28.50 24.25 25.25 29.00 30.25 29.75 29.25 29.25 29.00 24.25 24.50 24.25 24.25 25.25 29.00 28.75 27.75 24.00 24.00 23.75 24.25 24.25 24.50 27.50 27.25 24.00 23.75 24.00 24.50 23.75 23.50 25.25 26.25 
24.25 24.25 24.00 23.75 24.25 25.50 26.00 26.00 24.75 24.75 24.00 24.00 24.25 27.75 29.50 30.25 25.00 24.25 26.00 25.25 26.00 29.50 29.75 29.00 24.25 27.00 31.75 31.50 31.00 30.25 29.25 29.00 24.75 25.25 29.25 30.00 29.50 29.50 29.00 29.25 24.50 24.25 24.25 24.75 25.00 28.00 28.50 27.50 24.75 23.50 24.25 24.25 24.00 24.50 26.75 27.50 24.75 24.00 24.25 24.50 24.25 24.00 25.25 26.75 
24.25 24.00 24.00 24.00 24.25 24.75 26.00 26.25 24.50 24.25 24.25 24.00 24.50 27.50 29.75 30.75 24.50 24.75 26.00 25.50 26.25 29.25 29.75 29.75 24.50 27.50 31.50 31.25 31.25 30.50 29.75 29.75 25.00 25.75 29.75 30.50 29.25 29.50 29.00 29.00 24.50 24.25 24.25 24.75 25.00 28.25 29.00 27.75 24.25 24.00 24.00 23.75 24.25 24.50 27.25 27.00 24.75 23.50 24.50 24.75 24.25 24.25 25.50 26.00 
24.50 24.00 24.50 23.75 24.25 25.75 25.75 26.25 24.50 24.25 24.00 23.75 24.75 27.75 29.50 30.25 24.50 25.00 26.00 25.75 25.75 30.00 29.50 29.25 24.25 26.75 31.75 31.00 31.00 30.50 29.75 29.00 24.75 25.75 30.00 29.50 29.00 29.25 29.75 29.25 24.50 24.50 24.50 24.75 25.25 28.25 28.75 28.00 24.50 24.50 23.75 23.75 24.25 24.75 27.25 27.50 24.75 23.75 24.50 24.75 24.50 24.00 25.75 26.50 
24.25 24.00 24.25 23.75 24.25 25.25 26.00 26.25 24.50 24.75 23.75 24.50 24.00 27.75 29.50 30.75 24.50 25.25 26.75 27.00 25.75 29.75 29.75 29.25 24.25 26.75 31.75 32.00 32.00 30.00 29.50 28.75 24.00 24.50 27.00 27.00 26.75 28.75 28.75 28.25 24.00 24.25 24.00 24.50 24.75 27.50 29.25 27.75 24.50 24.00 23.50 24.00 24.00 24.25 28.00 27.25 24.00 24.00 24.25 24.25 24.00 23.50 25.75 26.50 
24.50 24.50 23.75 23.75 24.50 25.50 26.25 26.75 24.00 24.25 24.25 24.50 25.00 28.25 29.75 30.50 24.50 25.75 29.50 29.50 28.25 29.75 29.50 28.25 24.25 26.50 31.00 31.25 31.50 29.75 29.75 28.25 23.50 24.25 25.00 24.75 25.50 28.75 29.00 27.75 24.25 24.25 23.25 23.75 24.75 27.00 30.00 27.50 24.00 23.75 23.75 23.50 23.25 24.50 28.50 27.00 23.75 23.50 24.00 24.00 23.75 23.50 26.00 26.25 
24.00 24.50 24.50 24.00 24.25 25.25 26.75 26.75 24.75 24.50 25.00 25.50 25.25 28.00 29.75 29.75 24.50 25.50 30.75 31.00 31.00 30.00 29.50 29.00 24.00 25.50 29.75 29.50 29.00 29.50 29.75 29.50 24.25 24.00 24.50 24.25 24.75 29.00 29.25 28.25 24.25 24.00 23.75 23.75 24.75 26.75 30.50 27.50 24.00 24.00 23.75 24.00 24.00 25.00 28.75 27.50 24.50 24.50 24.00 24.25 24.25 24.00 25.75 26.25 
24.75 24.75 24.25 24.25 24.75 25.75 27.25 27.75 24.75 25.00 26.75 27.75 26.25 28.25 29.50 29.50 24.25 26.00 31.50 31.00 31.25 29.50 29.50 29.25 24.00 24.75 25.75 25.50 26.50 29.25 29.00 29.25 23.75 23.75 24.00 24.25 25.50 28.75 29.50 27.50 23.75 23.75 23.50 23.25 24.00 28.25 28.00 27.25 24.25 23.75 23.75 23.75 23.50 26.00 27.00 26.25 24.50 24.25 24.25 24.00 24.00 24.25 25.25 26.25 
23.75 24.75 25.25 25.25 25.00 26.50 28.25 28.00 24.25 25.25 29.00 30.00 29.25 29.25 30.00 29.00 24.25 25.50 30.25 30.50 30.25 29.25 29.50 28.75 23.75 24.50 24.75 24.50 26.25 29.00 29.00 29.00 23.75 24.00 24.00 24.50 25.25 29.50 29.75 27.75 24.00 23.50 24.25 24.00 24.75 28.25 27.75 27.25 24.25 24.00 24.00 23.75 24.25 26.25 26.25 26.75 24.25 24.25 24.50 24.25 24.00 24.00 25.75 26.50 
24.25 24.50 24.75 25.00 25.25 26.25 28.00 28.50 24.50 24.75 27.75 29.50 28.00 28.75 29.75 30.00 24.75 25.25 30.50 31.25 31.50 30.00 29.75 29.00 23.75 24.75 26.00 26.00 25.75 29.00 29.50 29.25 24.00 24.00 24.00 24.25 25.00 28.75 30.25 29.00 23.50 23.75 23.75 24.00 24.25 27.50 28.75 27.25 24.00 24.50 24.25 24.00 24.00 25.75 27.50 27.25 24.25 23.75 23.75 24.50 24.25 24.25 25.25 26.50 
24.00 24.00 24.00 24.00 24.25 25.50 26.00 25.75 24.25 24.00 24.50 25.00 24.75 26.25 29.50 30.25 23.75 24.50 28.25 30.25 30.25 30.50 29.25 28.75 23.75 24.75 30.00 31.25 30.00 30.00 29.25 29.25 24.00 23.75 25.25 26.50 24.75 28.75 29.25 29.50 24.25 24.00 23.75 24.00 24.25 27.25 30.00 28.25 23.75 23.75 23.75 24.25 23.75 24.75 28.25 26.75 24.00 23.75 23.75 24.25 24.00 23.75 25.75 25.50 
24.25 24.25 23.75 24.50 24.50 25.00 25.50 26.50 24.25 24.75 24.50 24.25 24.25 26.75 29.00 30.25 24.25 24.50 25.50 25.50 25.50 28.50 29.00 29.00 23.75 25.00 30.00 31.50 31.75 30.75 29.75 29.00 24.50 25.00 29.50 30.75 27.50 29.00 29.50 29.50 23.75 24.50 24.25 24.75 24.75 27.75 29.50 28.50 23.75 24.50 24.00 23.75 23.50 25.00 28.75 27.75 24.50 24.25 24.50 24.00 24.00 23.75 25.75 27.00 
24.00 24.00 23.50 24.25 24.50 25.00 25.25 26.00 24.25 24.25 23.75 23.75 23.75 25.75 28.00 29.25 24.50 24.75 24.75 23.75 24.50 28.25 29.50 29.50 23.75 24.75 27.25 27.75 28.25 29.75 29.75 28.75 24.25 25.25 31.25 31.75 31.50 30.00 29.75 29.50 24.50 25.00 26.50 27.25 26.25 28.00 29.25 28.50 25.00 25.00 25.00 24.00 24.25 25.25 29.00 28.00 24.50 24.50 24.25 24.75 24.25 24.25 25.25 27.00 
24.50 24.25 24.00 24.25 24.75 25.00 25.00 25.75 24.00 24.00 24.00 24.00 24.00 25.25 26.75 28.25 23.75 24.25 24.00 24.00 24.00 28.25 29.25 30.75 24.25 24.25 25.25 25.00 25.75 29.75 29.75 29.00 24.00 24.75 30.50 31.00 31.00 30.00 29.50 29.00 24.50 24.75 28.00 29.25 27.75 28.75 29.00 29.00 24.50 24.75 25.25 25.25 24.75 25.75 28.25 27.25 23.75 24.75 24.50 24.75 24.50 24.25 25.75 27.00 
24.50 23.75 23.75 23.50 24.25 24.75 25.00 26.00 24.00 24.00 23.50 23.75 23.75 25.25 26.25 27.00 23.75 23.75 23.75 24.00 24.00 27.50 28.75 31.00 23.75 24.75 24.75 24.25 25.00 29.25 29.75 29.00 24.75 25.00 30.75 30.75 30.50 30.00 29.50 29.25 24.50 24.75 29.25 30.25 29.00 29.00 29.25 28.50 24.25 24.50 24.25 25.00 24.25 26.25 28.25 27.00 24.50 24.50 24.75 24.50 24.50 24.50 25.75 26.75 
24.00 24.00 23.75 23.50 23.75 24.50 24.50 26.00 23.75 24.00 23.75 23.75 23.75 24.25 26.25 27.75 23.75 24.00 24.00 23.75 24.25 27.75 29.00 30.50 23.75 24.50 25.25 25.25 25.25 29.75 29.50 28.75 23.75 25.50 31.25 31.25 31.25 29.50 29.25 29.00 24.25 24.50 26.75 27.00 26.75 28.25 28.75 27.00 24.00 24.25 24.50 24.25 24.25 25.75 28.00 26.75 23.50 24.00 23.75 24.00 24.25 24.00 25.50 26.00 
23.50 23.50 23.75 23.50 24.25 24.75 25.50 26.00 24.25 24.25 23.75 23.75 24.25 26.00 28.00 29.50 24.25 24.75 24.50 24.25 25.75 29.00 29.50 30.25 24.25 26.75 29.75 29.00 29.25 30.00 29.25 28.50 24.75 26.75 31.00 31.00 30.75 29.50 29.50 28.75 24.25 24.25 24.50 24.50 25.75 28.50 28.75 27.00 24.00 24.50 23.75 24.25 24.75 26.00 28.00 27.00 24.25 23.75 23.50 24.00 24.00 24.25 26.50 26.00 
23.75 24.00 24.25 23.50 24.75 24.75 25.50 26.25 23.75 24.50 24.00 24.00 24.00 26.75 28.50 29.50 24.50 24.75 25.25 25.00 25.75 29.75 29.25 29.50 24.50 28.00 31.25 31.25 31.25 30.00 29.50 28.50 24.50 25.75 29.00 28.25 29.00 29.25 29.25 28.50 24.25 23.75 23.75 24.25 25.75 28.75 28.75 27.25 24.00 24.25 24.00 23.50 24.25 25.75 27.50 27.00 23.25 23.75 24.25 24.25 24.25 23.50 26.50 27.00 
24.50 24.25 24.00 23.50 24.25 24.50 25.50 25.75 24.25 24.25 24.00 24.50 24.25 25.50 28.50 29.00 23.75 24.00 25.25 25.25 25.00 27.75 29.75 29.25 23.75 25.00 29.50 31.25 31.50 31.25 30.00 29.25 24.25 24.75 26.75 30.00 27.25 28.75 28.75 29.25 24.00 24.25 24.25 24.50 24.75 25.75 29.50 29.25 24.50 24.25 24.00 23.75 24.00 24.50 25.75 27.75 24.25 24.00 24.25 24.00 23.75 24.00 24.25 26.50 
24.25 24.25 24.75 24.00 24.25 24.75 25.25 25.25 24.00 24.25 23.75 24.25 24.25 24.75 28.50 29.25 24.25 24.00 24.75 26.25 25.50 27.00 29.75 29.50 23.75 24.50 28.25 31.50 31.75 31.50 30.50 29.00 23.75 24.00 25.75 28.25 26.00 27.50 29.25 29.25 24.50 24.00 23.75 24.00 25.00 25.75 28.75 29.00 24.00 24.25 24.25 24.00 24.00 24.00 26.25 28.00 24.00 24.25 23.75 24.00 24.00 23.75 24.25 26.25 
24.00 24.50 23.75 24.00 24.50 24.50 25.25 25.75 24.50 24.75 24.00 24.25 24.25 24.75 28.75 29.00 24.00 24.75 24.75 26.75 26.00 27.25 30.00 29.75 24.50 24.50 28.25 31.50 32.00 32.00 29.75 29.25 24.50 24.25 25.75 29.00 26.50 28.00 28.75 29.50 24.25 24.25 24.25 24.00 24.75 25.50 29.00 29.50 24.75 24.25 23.75 24.00 23.50 24.25 26.00 28.25 23.75 24.50 24.25 24.75 24.25 24.00 24.25 26.25 
24.50 24.50 24.00 23.75 24.50 24.75 25.50 25.75 24.25 24.00 24.00 24.25 23.75 25.00 29.00 29.25 24.50 24.25 25.25 27.25 26.50 27.25 30.25 29.25 24.25 25.00 28.75 31.50 32.25 31.75 30.00 29.50 24.00 24.50 26.00 28.50 26.00 28.00 29.00 29.25 24.50 24.25 24.25 24.00 24.50 25.75 28.75 28.50 24.00 23.75 24.00 24.00 23.75 24.00 25.75 27.50 24.00 24.00 23.75 24.75 24.50 24.00 24.50 25.75 
24.00 23.75 24.25 23.75 23.75 24.50 25.25 25.75 24.25 24.50 23.25 24.00 24.25 24.75 28.25 29.25 24.25 24.00 24.75 27.00 26.50 27.25 29.25 29.00 23.75 24.75 28.75 31.50 31.75 31.75 29.50 28.75 23.75 23.75 25.75 28.50 26.25 28.00 28.25 29.25 23.25 24.00 23.75 23.50 24.25 25.50 28.75 28.25 24.00 23.75 23.50 23.25 23.50 23.50 25.00 27.00 24.00 24.25 24.75 24.00 23.75 24.25 24.25 25.75 
23.75 24.50 24.00 23.75 24.25 24.75 25.50 25.25 24.25 24.00 24.00 24.00 24.00 25.00 28.75 29.00 24.25 24.25 25.00 27.50 27.00 27.50 29.75 29.00 23.75 24.75 28.50 31.50 31.75 31.75 30.00 29.50 24.00 24.00 26.00 28.50 26.00 28.00 29.25 29.75 24.25 24.25 24.00 24.00 25.00 26.00 28.50 29.00 24.00 24.50 23.25 23.75 23.25 23.75 26.50 28.00 24.00 23.75 24.00 24.25 23.75 23.75 24.50 26.00 
24.50 24.25 24.00 23.75 24.25 24.75 25.00 25.25 24.50 24.25 24.25 24.50 24.00 25.00 28.50 29.00 24.00 24.25 25.50 27.75 27.00 27.75 29.50 29.25 23.50 24.50 29.00 31.50 31.50 31.75 29.75 29.25 24.75 24.25 25.75 28.00 26.25 28.00 28.75 29.25 24.25 24.25 23.75 24.00 24.25 25.50 28.75 29.00 23.75 24.25 24.25 24.00 23.75 24.25 26.50 28.00 24.25 24.00 24.00 23.75 23.75 24.25 25.00 26.25 
24.00 24.00 24.00 23.50 24.25 24.25 25.25 25.25 24.00 24.00 24.00 24.25 24.00 24.50 28.50 29.75 24.00 24.00 25.25 27.50 26.50 26.75 29.75 29.50 23.75 24.75 28.50 31.25 32.00 31.75 29.75 29.00 24.25 23.75 25.75 27.75 26.75 27.75 29.25 29.75 24.00 24.00 23.75 24.00 24.50 25.25 28.75 28.75 24.00 24.00 23.75 23.50 23.50 24.00 26.50 28.50 24.25 24.50 24.00 24.00 24.25 24.00 24.50 27.25 
24.00 24.25 24.25 23.75 24.50 24.75 25.50 26.00 24.25 24.50 24.00 24.75 24.50 25.50 29.00 30.00 24.00 25.00 27.50 29.75 26.50 27.75 29.75 29.25 23.75 24.75 29.50 31.75 31.75 31.50 29.50 29.50 24.00 24.25 24.75 26.00 26.50 28.25 29.00 29.25 24.00 23.50 23.25 23.75 24.00 26.25 28.25 28.25 24.00 23.75 23.25 23.50 24.00 27.50 28.50 27.25 24.00 24.00 24.50 24.25 25.00 29.75 29.50 27.50 
24.00 23.75 23.75 23.50 24.00 24.25 25.50 25.75 24.00 24.75 23.75 23.75 23.50 25.25 28.75 29.75 23.75 23.75 25.25 27.25 25.25 26.75 29.75 29.50 23.75 25.00 29.00 31.25 31.50 31.25 30.00 29.50 24.25 24.00 26.00 28.75 28.75 29.25 28.75 29.25 24.00 24.25 23.50 23.75 24.00 26.00 28.75 28.25 23.75 24.00 23.75 23.75 23.50 24.00 28.25 27.00 24.25 23.75 23.75 24.50 25.75 26.75 29.75 27.25 
23.75 24.00 23.75 23.50 24.25 24.50 25.50 26.00 24.50 24.25 24.00 24.00 24.00 25.00 29.00 29.50 24.00 24.25 26.25 28.75 26.00 26.75 29.50 30.00 24.00 24.75 29.00 31.75 32.25 32.00 29.75 29.50 24.00 24.00 25.50 28.00 28.00 29.00 29.25 29.50 24.00 24.25 24.00 24.25 24.75 27.25 29.25 29.25 24.25 24.25 23.75 24.00 24.50 25.75 29.75 27.50 24.50 24.25 24.25 24.75 26.25 28.25 29.25 27.50 
24.50 24.50 24.25 23.50 24.25 25.00 25.75 26.00 24.25 24.50 24.00 23.75 24.00 25.00 29.00 29.25 24.50 24.25 25.50 25.75 25.00 27.25 29.75 29.50 24.00 25.25 30.25 31.50 31.25 31.25 30.25 29.50 24.75 24.50 30.00 31.00 30.00 31.00 29.25 29.75 24.50 24.75 24.25 25.00 25.00 29.00 29.25 29.00 24.50 24.75 23.75 24.25 24.50 28.50 28.75 27.50 24.75 24.25 24.25 24.50 25.25 29.00 29.25 27.50 
24.50 24.25 24.00 24.25 24.75 25.25 26.25 26.75 24.25 24.75 24.25 24.00 24.50 27.50 29.00 30.25 24.75 26.00 27.50 27.25 26.00 29.75 29.75 29.50 24.75 29.50 31.50 32.25 32.25 30.50 30.25 29.75 24.50 25.50 28.00 26.75 29.75 29.50 29.50 29.25 24.50 24.50 24.25 24.50 28.50 29.25 29.25 28.50 24.75 24.50 23.75 24.50 26.75 30.50 27.50 27.75 24.25 24.25 24.50 25.25 29.50 30.75 29.00 27.75 
24.75 24.50 24.50 24.25 24.75 26.50 26.25 28.50 24.50 25.00 24.50 24.75 25.25 29.00 30.00 30.50 25.00 27.75 30.75 30.75 30.00 30.25 30.00 29.25 24.75 29.00 31.00 31.50 32.25 30.25 30.00 29.00 25.00 25.50 26.50 25.75 27.75 29.75 29.75 28.25 24.50 23.75 24.00 24.25 27.75 29.25 28.50 27.75 23.75 24.75 23.75 24.50 26.25 30.50 27.00 27.25 24.50 24.50 24.75 25.25 29.00 30.75 29.75 27.50 
24.25 24.00 23.75 23.75 24.00 24.75 25.75 26.00 24.00 24.50 24.50 24.50 24.25 28.00 29.25 30.75 24.25 26.00 28.00 28.75 27.50 29.75 29.25 29.00 24.75 29.00 31.75 31.50 32.00 30.25 30.00 29.50 24.50 24.50 27.00 25.50 28.00 29.75 29.00 28.50 24.25 24.00 23.75 24.00 27.00 29.00 28.25 27.00 24.25 24.25 24.25 24.00 25.25 30.50 26.75 27.25 24.50 24.75 23.75 25.00 29.00 30.75 31.25 30.00 
24.75 24.50 24.50 24.25 24.75 26.25 26.50 28.50 24.75 24.75 25.00 25.00 25.25 29.25 30.00 30.25 25.00 26.00 29.00 28.75 28.50 30.25 30.00 29.25 25.00 29.50 32.00 32.25 32.75 30.50 30.50 30.00 24.75 26.25 29.00 27.50 28.50 30.00 29.50 29.50 25.00 24.75 24.50 25.00 27.50 29.50 29.25 28.00 24.00 24.50 24.25 24.50 25.50 30.75 28.75 28.50 24.50 24.50 25.00 24.75 27.25 30.75 31.75 31.75 
24.50 24.50 24.25 25.00 25.50 26.75 26.50 29.50 25.25 24.50 25.00 25.00 25.75 29.50 30.50 30.75 24.75 26.25 27.25 26.25 27.50 30.50 30.25 29.50 25.25 30.75 32.25 32.25 32.50 31.00 30.50 29.50 25.50 27.25 30.50 30.00 30.50 30.00 30.00 28.50 24.50 25.00 24.75 25.00 28.50 29.25 29.50 28.00 24.75 24.75 24.50 24.50 26.00 30.50 28.25 28.00 24.75 24.50 25.00 25.25 27.00 30.75 31.50 31.50 
25.00 25.00 25.00 24.75 25.50 27.00 27.00 29.75 25.00 25.50 25.00 25.00 26.25 29.75 30.50 30.00 25.25 27.75 29.50 27.50 28.50 31.00 30.00 29.00 25.50 31.50 32.50 32.50 32.75 30.50 30.50 29.50 25.50 26.00 28.50 28.00 29.75 29.75 30.00 28.50 25.00 24.75 25.00 24.50 29.25 29.50 29.25 28.50 24.25 24.50 24.50 25.00 26.50 31.50 28.50 28.75 24.50 25.00 25.50 25.75 28.50 31.50 32.25 31.75 
25.00 25.00 25.00 24.50 25.25 26.50 29.50 30.25 25.00 25.25 25.25 25.00 26.00 29.75 30.50 28.00 25.00 27.25 30.00 28.00 28.50 30.75 29.75 29.00 25.50 30.25 32.75 32.50 32.75 30.50 30.50 30.00 25.50 26.00 28.75 27.25 29.25 30.25 30.00 29.00 24.50 25.50 24.75 25.25 28.25 30.00 29.50 28.75 25.50 25.00 24.50 25.50 26.25 31.25 30.25 30.00 24.75 25.25 25.00 25.00 28.75 31.25 31.75 32.00 
24.50 24.75 24.50 24.00 24.75 27.00 28.50 30.00 24.75 25.25 25.00 25.50 25.75 29.50 30.75 28.50 25.25 26.25 29.75 29.25 28.75 30.25 30.00 29.50 25.25 29.25 32.75 32.75 32.75 30.75 30.00 29.50 25.50 26.75 29.50 28.25 28.50 30.75 30.25 29.25 24.75 25.25 25.25 25.00 27.50 29.75 29.50 29.00 25.00 25.25 25.00 25.00 26.25 31.25 30.75 30.00 24.50 24.75 25.00 25.50 28.25 31.50 32.00 32.00 
25.25 24.75 25.00 24.25 25.50 26.75 29.00 29.75 25.00 25.00 25.00 25.25 25.50 29.25 30.75 29.75 25.25 25.50 27.50 28.50 29.00 31.25 30.00 30.25 25.50 28.00 32.00 33.00 33.50 32.50 30.25 30.25 25.25 26.75 32.00 31.75 28.00 30.50 30.50 30.00 25.00 25.00 26.00 26.00 26.25 29.50 29.50 29.25 25.50 25.25 25.50 24.75 25.25 28.75 31.50 30.50 24.75 25.00 24.75 25.50 25.50 30.25 31.75 32.25 
25.00 24.50 24.75 24.75 24.75 25.50 27.50 29.75 25.50 24.75 25.00 25.00 25.25 27.75 30.50 29.75 25.00 25.50 26.25 27.75 27.75 30.75 30.50 29.75 25.00 27.00 32.00 33.00 33.00 32.50 30.25 30.25 25.25 26.75 32.25 31.75 29.00 30.50 30.00 30.00 25.00 25.25 26.00 26.00 26.25 30.00 29.75 29.75 25.00 24.75 25.00 24.75 24.75 28.25 30.75 29.25 24.75 24.75 24.75 25.50 25.00 28.75 31.50 32.00 
24.75 25.00 24.50 24.50 24.75 26.25 28.25 29.75 24.75 25.50 24.75 25.50 25.25 28.00 30.75 30.00 25.25 25.75 27.25 28.50 28.25 30.75 30.75 30.50 25.25 28.00 32.75 32.50 33.75 32.75 30.75 30.50 25.75 27.25 32.50 31.75 28.50 30.25 30.00 30.25 25.00 25.50 26.00 26.00 26.00 29.75 30.00 29.25 25.00 25.50 25.25 25.50 25.00 28.50 31.25 30.00 24.75 25.00 25.50 25.50 25.50 30.00 31.75 32.25 
25.00 25.00 25.00 24.50 25.25 26.25 28.25 29.25 25.25 25.00 25.00 25.00 25.25 28.50 30.50 30.00 24.50 25.50 27.00 27.50 27.25 30.25 30.25 30.50 25.00 27.75 33.00 32.50 33.25 33.25 31.00 30.75 25.25 27.00 32.00 31.75 29.75 30.75 30.25 30.50 25.75 25.50 25.75 25.75 26.00 30.00 30.00 29.50 24.75 25.00 24.75 25.25 25.50 28.75 31.25 30.75 24.50 25.00 25.25 25.50 25.50 30.00 32.00 32.25 
24.00 24.75 24.50 24.25 24.50 25.50 27.00 28.75 24.50 25.50 25.00 24.75 25.00 26.75 30.50 30.00 24.75 25.75 27.50 28.25 26.00 29.50 30.75 30.25 25.00 26.75 32.25 32.75 33.00 33.25 31.00 30.50 25.25 25.25 30.00 31.50 30.75 31.00 30.00 30.25 24.75 24.75 25.25 25.25 26.00 29.50 29.75 29.25 24.75 25.00 25.00 25.25 25.50 28.25 31.25 31.50 24.50 24.50 24.75 25.25 26.00 30.75 32.00 32.50 
25.00 25.00 24.75 24.00 24.25 25.00 26.75 28.75 24.50 25.00 25.00 24.75 24.75 26.75 30.25 29.75 24.75 25.50 27.25 29.00 26.75 29.50 30.75 30.50 24.25 26.25 32.25 32.75 32.75 33.25 31.00 30.25 25.50 25.25 29.00 30.75 30.00 31.00 30.50 30.25 25.75 25.25 25.25 25.25 26.00 29.50 29.75 29.25 25.00 25.00 24.50 25.00 25.25 29.00 31.50 31.50 24.50 24.75 25.25 25.25 26.25 31.25 31.75 32.25 
24.50 24.75 24.00 24.50 24.75 25.75 28.25 29.50 24.75 25.00 25.25 25.25 25.50 28.75 30.00 30.00 25.50 26.00 29.75 29.50 27.75 30.50 30.50 29.75 25.25 28.00 32.50 32.75 32.75 32.25 30.75 30.25 25.25 25.50 28.50 28.25 27.75 30.50 30.00 30.25 24.75 25.00 24.75 24.75 26.25 29.50 29.25 28.50 24.75 24.75 25.00 25.00 25.50 29.50 31.00 31.00 24.75 24.25 24.75 25.00 26.50 31.00 31.75 32.00 
25.25 25.25 24.75 24.75 25.00 26.50 29.00 29.25 25.00 25.50 25.75 26.00 25.75 29.50 30.75 30.00 25.00 27.75 31.75 31.75 30.75 31.50 30.75 30.00 25.25 29.00 32.50 32.75 32.50 32.00 30.75 30.50 25.00 25.25 27.25 27.00 26.75 30.50 30.00 30.00 25.00 24.75 24.75 25.00 26.00 30.00 29.25 29.00 25.25 24.75 25.25 25.00 25.50 28.75 31.75 32.00 25.00 24.50 25.25 25.25 25.75 29.75 32.25 32.25 
25.25 25.00 24.50 24.25 25.00 25.00 26.25 27.50 24.75 25.00 24.75 25.00 24.75 26.00 29.50 29.50 25.00 25.50 27.50 29.00 27.50 27.75 30.25 30.00 25.25 26.25 31.75 32.50 33.00 33.00 31.25 30.50 25.25 25.50 29.50 31.00 29.00 30.75 30.25 30.50 25.00 25.25 25.25 25.25 26.00 29.75 30.25 30.00 25.00 25.00 25.00 24.75 25.00 27.50 31.25 31.00 24.75 24.50 24.75 25.50 25.50 27.75 31.75 32.50 
24.50 25.25 24.75 24.50 25.00 24.75 26.50 28.25 25.00 25.00 25.50 25.00 25.25 26.00 29.50 30.25 24.75 25.50 28.00 29.50 28.00 29.25 30.50 30.00 25.25 26.25 32.00 32.75 33.25 33.25 31.50 30.00 25.00 25.25 29.50 30.25 28.75 30.50 30.25 30.00 25.00 25.25 25.25 25.25 26.50 29.50 30.00 29.75 25.25 24.75 24.75 25.00 25.00 27.50 31.25 31.25 25.00 25.25 25.00 25.00 24.75 27.25 31.50 32.25 
24.50 25.00 24.75 24.25 24.75 25.00 27.00 28.50 25.25 24.75 25.00 25.25 25.00 26.00 30.00 30.00 24.25 25.75 28.00 29.50 27.50 29.25 30.50 30.25 24.75 27.00 32.25 32.75 33.00 33.50 31.00 30.50 25.00 25.50 29.50 30.75 28.75 31.00 30.50 30.00 24.75 25.25 24.75 25.00 25.75 29.25 30.25 30.00 24.50 25.00 25.25 25.25 25.00 27.50 30.75 31.00 24.75 24.50 25.00 24.75 25.25 27.50 31.50 32.00 
24.50 24.75 25.00 24.25 24.50 25.25 26.75 28.25 25.25 25.25 25.00 25.25 25.50 26.00 29.50 29.75 25.00 25.50 27.25 29.00 27.75 28.50 30.50 30.25 24.75 26.50 31.75 32.50 32.75 33.25 31.00 30.25 23.75 25.00 29.25 30.75 28.75 30.50 29.75 30.00 24.50 25.00 25.00 25.00 25.75 28.75 30.00 29.75 24.25 24.75 25.25 24.50 25.00 27.00 30.75 30.75 24.25 24.50 25.00 24.75 25.25 26.75 31.25 31.25 
24.75 25.00 25.00 24.75 24.75 25.00 26.75 28.75 25.50 25.00 25.25 25.25 24.25 25.75 30.00 29.75 24.75 25.50 27.75 29.25 27.75 29.00 30.75 30.75 24.75 26.50 32.25 32.75 33.00 33.25 30.75 30.25 25.25 25.00 29.50 31.00 29.00 30.50 30.25 30.25 25.00 24.75 25.00 25.50 25.50 29.75 30.00 30.00 24.75 24.50 24.75 24.75 25.00 27.25 31.00 31.00 24.75 25.25 24.75 25.50 25.50 27.75 31.00 32.00 
25.25 24.75 24.75 24.75 24.75 25.25 26.25 28.75 24.75 25.50 24.75 25.25 25.00 26.25 30.00 30.25 25.00 25.50 28.00 29.75 28.00 28.75 30.75 30.00 25.25 26.25 32.00 33.00 33.25 33.25 31.25 30.75 25.50 25.75 29.25 30.50 28.75 30.25 30.25 30.75 25.50 25.25 25.25 25.50 25.50 29.50 30.50 30.25 25.25 25.00 25.00 25.00 25.00 27.00 31.00 31.00 25.00 25.25 25.00 25.25 25.00 27.75 31.75 31.75 
24.75 25.00 24.50 25.00 25.00 25.50 26.75 29.00 25.25 25.25 25.00 25.50 25.25 25.75 30.00 29.75 25.25 25.75 28.00 29.75 28.25 29.25 30.50 30.50 25.00 26.75 32.00 33.00 33.25 33.50 31.25 31.00 24.75 25.50 29.25 30.50 28.50 30.75 30.25 30.25 25.00 25.25 25.00 25.25 26.00 29.50 29.75 30.00 25.25 25.00 24.75 24.75 25.25 27.25 31.75 31.00 24.75 24.75 24.50 25.25 25.25 28.00 31.25 32.25 
24.75 24.75 25.00 24.50 24.75 25.25 26.50 28.25 24.75 25.25 25.00 25.00 25.00 25.75 30.00 30.00 24.75 25.75 28.00 30.00 27.75 29.00 30.25 30.00 24.75 26.50 32.00 33.00 33.25 33.00 31.25 30.50 25.25 25.25 29.00 30.75 28.75 30.50 30.00 30.50 25.00 25.00 25.00 25.25 25.50 29.25 30.25 29.75 24.50 25.25 24.75 25.75 25.00 27.00 31.50 31.25 24.25 25.25 25.00 25.25 25.00 28.25 31.00 32.25 
24.50 24.25 24.50 24.25 24.75 24.50 26.75 28.25 24.75 25.25 24.50 24.75 25.00 25.75 30.00 30.00 24.75 25.00 28.00 29.50 28.25 29.00 30.50 30.00 25.00 26.25 32.00 32.50 33.00 33.00 31.25 30.50 24.75 25.00 28.50 30.25 28.25 30.25 30.25 29.75 25.00 24.75 25.00 25.25 25.25 28.50 30.50 29.25 24.50 24.75 24.75 24.50 24.50 26.50 31.00 30.75 24.50 24.50 25.50 25.00 25.00 27.25 31.25 32.25 
24.75 25.25 24.50 24.50 25.00 25.00 26.75 29.25 25.00 25.50 25.00 25.00 25.25 26.00 30.00 29.75 24.75 26.00 28.25 30.25 28.75 29.25 30.25 30.25 25.25 26.50 31.50 33.00 33.25 33.25 31.50 30.75 25.00 25.25 28.25 30.00 28.25 30.00 30.25 30.00 25.25 24.75 24.75 25.50 25.75 28.75 30.25 29.25 24.50 24.75 24.50 25.00 24.50 26.50 31.25 31.25 24.50 25.00 24.75 25.00 25.25 28.00 31.50 31.75 
25.25 25.25 25.00 24.75 24.75 25.50 26.75 28.75 25.00 25.25 25.25 25.00 25.00 25.75 29.75 30.00 25.00 25.25 28.50 30.50 29.00 29.00 30.75 30.25 24.75 26.00 32.00 33.00 33.25 33.00 31.75 30.50 25.00 25.50 28.00 29.75 28.00 30.25 30.00 30.25 25.00 25.00 24.75 25.25 25.75 29.00 29.75 29.50 24.75 25.00 24.25 25.00 24.50 27.00 31.00 31.00 24.75 25.00 25.25 25.25 25.00 27.50 31.50 32.00 
25.25 25.25 24.75 24.75 25.00 25.00 27.00 28.75 25.25 24.75 24.75 25.25 25.25 25.50 29.50 29.25 25.00 25.50 28.25 30.50 28.75 29.00 30.50 30.50 25.00 26.00 31.50 32.75 33.00 33.25 31.50 30.25 25.00 25.50 28.75 30.25 28.25 30.25 30.75 30.50 25.25 25.00 24.75 25.00 26.00 28.75 29.75 29.25 25.50 24.75 25.00 25.00 25.50 27.25 31.50 31.25 25.25 25.25 25.00 25.25 25.00 27.75 31.25 32.25 
24.75 25.00 25.25 24.75 24.75 25.00 27.50 28.50 25.00 25.25 25.50 25.25 25.25 26.25 30.00 29.50 25.25 25.50 29.50 30.75 29.75 29.75 31.00 30.75 25.00 26.25 32.25 32.50 33.50 33.00 32.00 30.25 25.25 25.50 29.00 30.25 28.50 30.25 30.25 30.25 25.25 24.75 25.25 25.50 25.50 28.75 30.00 29.75 24.75 24.75 24.75 24.75 25.25 27.00 31.50 30.75 24.50 24.50 24.75 25.00 25.25 27.50 31.25 31.75 
24.75 24.75 24.50 24.50 24.75 24.75 27.00 29.00 25.00 25.00 25.50 25.75 25.25 25.75 29.75 30.00 25.25 25.50 29.00 31.00 29.50 29.25 30.75 30.25 25.50 26.25 32.00 32.75 33.25 33.25 32.00 30.25 25.50 25.75 29.00 30.75 29.00 30.00 30.50 30.50 25.00 25.00 25.25 25.50 25.75 28.75 30.50 29.25 25.25 24.50 25.25 25.50 24.75 26.50 31.25 31.25 24.25 24.75 25.00 25.25 25.00 27.00 31.50 31.75 